995.7499999999999
-101.2665927430628
0.0
0.0
0.0
0.0
0.0
0.0
-284.773299315933
0.0
0.0
0.0
0.0
0.0
0.0
0.0
141.49429992612667
0.0
0.0
0.0
0.0
0.0
0.0
0.0
-222.36853880038487
-78.57834804648738
69.66583839581102
0.0
0.0
0.0
0.0
0.0
-146.50000000000006
89.07606194151643
-58.22247481520699
0.0
0.0
0.0
0.0
0.0
77.09779577523231
118.40536560367127
-94.39628739625229
0.0
0.0
0.0
0.0
0.0
67.21923525610252
0.0
0.0
51.913491359101215
0.0
0.0
0.0
0.0
110.16444905276941
70.53346390071329
0.0
0.0
0.0
0.0
0.0
0.0
