1067.375
0.0
0.0
0.0
0.0
0.0
0.0
0.0
-197.3547947256805
-120.38277685756127
0.0
0.0
0.0
0.0
0.0
0.0
94.05267793575028
146.47170003138217
0.0
-55.46056927274342
0.0
0.0
0.0
0.0
123.73269501655594
-184.19262463516625
76.61912865489893
0.0
0.0
0.0
0.0
0.0
-250.8749999999999
-74.38700084488512
68.54167092489695
0.0
0.0
0.0
0.0
0.0
-43.40451439307604
-92.94362785063348
40.8869018462717
0.0
0.0
0.0
0.0
0.0
-94.02459796837222
0.0
0.0
0.0
0.0
0.0
0.0
0.0
-58.54520315982935
-89.14871766935185
0.0
0.0
0.0
0.0
0.0
0.0
