623.8749999999999
0.0
0.0
0.0
-46.624999999999986
0.0
0.0
0.0
0.0
98.57200596486206
-60.29674045991291
0.0
0.0
0.0
0.0
0.0
122.94499402819983
-71.7806911542007
0.0
0.0
0.0
0.0
0.0
0.0
-40.92739579370942
53.17521327014131
0.0
0.0
0.0
0.0
0.0
0.0
-79.37500000000003
-68.02821567742207
50.86227618780278
0.0
0.0
0.0
0.0
0.0
-238.97627143398654
0.0
0.0
0.0
43.285414277731014
0.0
0.0
0.0
-180.4066509123373
-70.4538749122281
44.69651422904901
0.0
0.0
0.0
0.0
0.0
-68.86648381661594
0.0
0.0
-47.266660166870174
0.0
0.0
0.0
0.0
