729.3749999999999
0.0
0.0
0.0
0.0
0.0
0.0
0.0
-84.85431599855131
72.16500304402076
-49.87332540219785
0.0
0.0
0.0
0.0
0.0
300.8376308800235
51.62530620320737
0.0
54.93655815034205
0.0
0.0
0.0
0.0
70.4211289898138
0.0
0.0
0.0
0.0
0.0
0.0
0.0
201.87499999999991
109.2590345912964
-61.58372821409163
0.0
0.0
0.0
0.0
0.0
88.69886056538354
-58.50987898017378
0.0
0.0
0.0
0.0
0.0
0.0
73.33144684577466
85.16610934174733
-57.43636809409496
0.0
0.0
0.0
0.0
0.0
0.0
-67.38113929967074
0.0
0.0
0.0
0.0
0.0
0.0
