823.3749999999999
0.0
-76.58880495453855
0.0
0.0
0.0
0.0
0.0
117.2070523694738
83.97791356994695
0.0
-49.233943119883826
0.0
0.0
0.0
0.0
0.0
0.0
-66.37050410227236
0.0
0.0
0.0
0.0
0.0
0.0
-40.444852022502694
70.85635212772489
43.38590210301774
0.0
0.0
0.0
0.0
0.0
62.76232684999881
54.18987566688834
-51.26544326603914
0.0
0.0
0.0
0.0
85.88631954539281
0.0
-59.535748169966226
0.0
0.0
0.0
0.0
0.0
-167.75508414890749
-88.98065072878842
106.46606685074947
0.0
0.0
0.0
0.0
0.0
-107.04457650941436
0.0
62.00488959040973
0.0
0.0
0.0
0.0
0.0
