891.75
0.0
-55.70618628786349
52.90705145555441
0.0
0.0
0.0
0.0
310.56463852293257
-51.37592505331454
0.0
0.0
0.0
0.0
0.0
0.0
-59.16316916664461
-43.71808097495359
0.0
-52.79674293964353
0.0
0.0
0.0
0.0
-53.084129480493836
0.0
-66.56869379216313
0.0
0.0
0.0
0.0
0.0
-288.24999999999983
-63.102540434218355
60.04702023748505
0.0
0.0
0.0
0.0
0.0
-52.28167482189165
0.0
0.0
0.0
0.0
0.0
0.0
0.0
215.81900846347838
0.0
0.0
0.0
0.0
0.0
0.0
0.0
-98.83221627706419
0.0
0.0
-81.81681906201217
0.0
-51.11012427409252
0.0
0.0
