912.2499999999999
0.0
0.0
-51.3069734815553
0.0
0.0
0.0
0.0
231.8105798028202
118.84085480622637
0.0
-58.38880726110905
0.0
0.0
0.0
0.0
173.69410119314492
-83.74809003936522
-74.47145558284421
0.0
0.0
0.0
0.0
0.0
-122.21622311403364
0.0
0.0
0.0
0.0
0.0
0.0
0.0
206.49999999999983
-61.82364280964154
-46.10957091592523
0.0
0.0
0.0
0.0
0.0
0.0
52.43886489624198
0.0
0.0
0.0
0.0
0.0
0.0
118.82517288312879
-180.79087407144
0.0
42.70345797536356
0.0
0.0
0.0
0.0
0.0
-197.5188821644143
0.0
0.0
0.0
0.0
0.0
0.0
