666.875
103.81985886227639
0.0
-41.65049473665438
0.0
0.0
0.0
0.0
0.0
119.78539214269725
0.0
-66.79782415958707
0.0
0.0
0.0
0.0
131.6344274429422
57.14819436424504
45.91770830676153
0.0
0.0
0.0
0.0
0.0
0.0
-50.34195251662365
0.0
0.0
0.0
0.0
0.0
0.0
-75.62499999999996
114.87376260206116
65.47340434743235
0.0
0.0
0.0
0.0
0.0
169.1804915883146
0.0
-52.221791183214535
0.0
0.0
0.0
0.0
0.0
-50.33049534595085
205.3764802221775
43.54055281392368
0.0
0.0
0.0
0.0
0.0
176.47489693460227
43.17500846219572
0.0
0.0
0.0
0.0
0.0
0.0
