832.125
-69.8753335631084
0.0
53.1452732674086
0.0
0.0
0.0
0.0
135.922896033097
57.84325737651701
0.0
0.0
0.0
0.0
0.0
0.0
0.0
0.0
-71.83649435994205
0.0
0.0
0.0
0.0
0.0
69.96212523310606
-125.5302106354148
-40.74153652765809
51.33111831677432
0.0
40.864033954871395
0.0
0.0
-90.3749999999999
-47.03828942691625
89.18006314427662
0.0
0.0
0.0
0.0
0.0
0.0
50.05986919472398
0.0
0.0
0.0
0.0
0.0
0.0
224.26393237981048
0.0
-101.55032912477397
0.0
0.0
0.0
0.0
0.0
0.0
-66.75046472177874
0.0
-44.32367501554269
0.0
0.0
0.0
0.0
