708.6249999999999
-58.14026077203063
0.0
0.0
0.0
0.0
0.0
0.0
43.569843290949315
78.01535757978274
-70.92601537281696
0.0
0.0
0.0
0.0
0.0
0.0
-57.14405721810856
58.979892642143824
0.0
0.0
0.0
0.0
0.0
-117.192273293418
84.93679687920871
46.7320966383399
0.0
46.00618383663012
0.0
0.0
0.0
-42.875000000000036
-77.61111102658721
88.03201284718136
0.0
0.0
0.0
0.0
0.0
0.0
0.0
0.0
0.0
0.0
0.0
0.0
0.0
139.28527980313083
0.0
-54.73877611862705
0.0
0.0
0.0
0.0
0.0
105.08381207434346
0.0
-64.67419216446567
0.0
0.0
0.0
0.0
0.0
