656.75
44.18346562120779
-65.89090824391435
0.0
0.0
0.0
0.0
0.0
41.072945501183675
0.0
-54.06695681497114
-46.502581407019704
0.0
0.0
0.0
0.0
-54.820002128387365
0.0
-62.94848480983498
0.0
0.0
0.0
0.0
0.0
205.91478900813559
60.15577396785377
-96.57932001461708
0.0
0.0
0.0
0.0
0.0
-53.24999999999983
0.0
0.0
-54.45017538225973
0.0
0.0
0.0
0.0
0.0
0.0
-46.941245486769695
0.0
0.0
0.0
0.0
0.0
198.86651896848693
62.65170863983468
-55.18071785686866
0.0
0.0
0.0
0.0
0.0
-98.49575058857278
-76.48298955845576
0.0
-40.51034568892832
0.0
0.0
0.0
0.0
