831.1249999999999
-48.40599002290119
75.73854918169152
0.0
0.0
0.0
0.0
0.0
70.42672490898164
130.40880022622716
0.0
0.0
0.0
0.0
0.0
0.0
0.0
86.53720301821559
50.919232470364044
0.0
0.0
-43.48069673458327
0.0
0.0
0.0
40.53993613586593
-98.35853361297124
42.97355731540512
0.0
0.0
0.0
0.0
135.87499999999994
-105.19684411857875
79.49011000288267
0.0
-50.37499999999993
0.0
0.0
0.0
-210.35779508187977
0.0
77.42020650007366
0.0
0.0
0.0
0.0
0.0
-136.8327994824324
0.0
59.55464011044971
0.0
0.0
0.0
0.0
0.0
44.15555030027995
43.53882256386881
0.0
56.63789816813603
0.0
0.0
0.0
0.0
