980.8749999999999
77.4992938659544
47.48378339331981
0.0
0.0
0.0
0.0
0.0
280.24421286482607
40.756982451642365
-65.51291155789363
0.0
0.0
0.0
0.0
0.0
227.09957933135203
0.0
70.20108671985639
0.0
0.0
0.0
0.0
0.0
61.7716727539851
-96.8379690737499
-59.71399985809509
0.0
0.0
0.0
0.0
0.0
0.0
0.0
0.0
43.057286597829986
0.0
0.0
0.0
0.0
-181.42779608520246
-65.67283306034022
0.0
0.0
0.0
0.0
0.0
0.0
0.0
207.311605477523
0.0
0.0
0.0
0.0
0.0
0.0
58.721451860582405
0.0
0.0
-45.96510043680238
0.0
0.0
0.0
0.0
