911.9999999999999
-45.77101108399876
48.93161963037895
0.0
0.0
0.0
0.0
0.0
-135.23282382818346
91.62236683709405
0.0
0.0
0.0
0.0
0.0
0.0
123.1254951726024
98.18841338808004
0.0
0.0
0.0
0.0
0.0
0.0
-165.80429812124567
104.46814659654032
0.0
0.0
0.0
0.0
0.0
0.0
249.2499999999998
131.7333382097466
-111.32796686608756
0.0
0.0
0.0
0.0
0.0
147.83464631251655
-59.31995946427456
63.09171820133464
0.0
0.0
0.0
0.0
0.0
0.0
0.0
0.0
0.0
0.0
0.0
0.0
0.0
-83.77834107709354
-43.14449131424551
54.07725643015577
0.0
0.0
0.0
0.0
0.0
