864.3749999999999
126.34730989156941
50.3839218973464
-40.81311993246388
0.0
0.0
0.0
0.0
190.2131854360175
0.0
-81.25855277234565
0.0
0.0
0.0
0.0
0.0
168.54503134806254
100.70678594005406
63.568727406975675
0.0
0.0
0.0
0.0
0.0
0.0
-55.29135554285979
0.0
0.0
0.0
0.0
0.0
0.0
167.625
0.0
-46.99183086577584
0.0
0.0
0.0
0.0
0.0
231.408187255822
-103.9754022371191
0.0
0.0
0.0
0.0
0.0
0.0
-145.44579285039708
-140.55053677052808
0.0
0.0
40.45221692285008
0.0
0.0
0.0
-130.10570398279833
0.0
0.0
0.0
0.0
0.0
0.0
0.0
