691.75
-3.592380860150584
3.0682665774645272
1.583598765279433
3.000000000000014
-9.145201175233368
4.1410433720999364
-2.515414512706652
-67.78896195782124
9.925976767218977
-23.983281543630376
7.235038037542179
-7.264775201561836
1.028211026398072
-2.372456274894276
-1.6946229822453702
-5.949857616017641
35.79239981833429
-25.07779579551078
-13.274448383667728
-0.028846216970629612
-1.7382314090530837
-5.551776695296642
2.2263978595033524
-90.55738065030225
2.4307786526741015
35.44900078833092
-13.819962423289098
-1.3098683932480908
2.2929453249846676
-0.4565684021227159
3.6249575373831617
-62.749999999999986
101.17551682572483
22.581822142493607
10.89633737815123
1.4999999999999893
9.876559513213333
-2.3181476926173143
0.336450547512678
193.52645119774698
34.81832345240903
-24.99212930748783
10.136983909859369
9.205392454436955
1.4936907913808462
-0.9336534212953946
2.057302816276565
67.94923983643307
-126.98744397537696
5.198223304703355
-19.19937947928343
-13.788552059435638
-12.227779660517825
5.327795795510763
-5.001914061478718
95.8952821219241
14.14941560262923
-81.41542877724129
-11.654735190000585
-9.481193797351509
-7.708242952249975
-3.5189866453907825
-2.0997051353106957
