911.3749999999999
4.097195655048125
-62.69215034424175
29.871644002298353
-10.374999999999957
0.6417695556855847
4.455393946106511
-2.9450813573832235
96.71480939469215
25.51599773802079
4.11892609806403
-40.58872819889659
24.281363485195115
10.524457761793386
-5.883435834569148
2.0094622795370416
-35.37204603835587
-31.032818400912422
-11.49892225358109
50.15436209917748
-4.909568196863375
-2.5485333557539542
1.1940972310794864
3.3413079842732336
6.241057214148316
14.291267320469387
94.3465557787682
-8.537672653205455
-23.313595459615502
-6.1960114138810845
2.1376730103754884
-0.31877056911810175
38.62500000000002
42.84817780633344
-21.807664743504084
-19.544656321150466
14.874999999999982
-8.899661770378733
-4.632171028246487
0.153584953060225
-68.83269417398193
-86.60116982356111
25.502274298329443
36.663638631122076
-13.778037283574461
10.888177716593821
8.872878176008506
1.6512871895763461
-1.4490027813770983
68.85423069477112
-14.805902768920474
-36.82852461801777
25.710939113932522
0.5216488380929398
-4.2510777464189555
0.8380665787578843
114.51819751178905
0.8691123245402832
-80.02608533955107
19.6155223690997
2.0297395541451504
0.8312121937826286
3.5964011284965087
-3.366502801409104
