1026.1249999999998
28.923600383069186
5.058948657464981
-21.96480080961331
12.6250000000001
-4.544204918209644
13.193304683858614
-0.7972251475252534
-69.46523549723884
-77.0029348578394
-33.6848531548231
-3.6055144709778384
26.12639972627444
-1.6656363537440337
-0.8458896457361524
-4.547792393375993
-350.6298050347466
-45.79430382200783
-18.894737533752362
3.1701743096570283
8.537095141470154
10.579825951147953
-6.140165042944901
0.5589107349218523
-27.529550696371714
70.44356949094889
18.39261561132682
-23.319400695739084
-28.53544635620544
23.334442685922298
-0.4831690544868943
3.063514686646374
206.37500000000003
-51.42651930567817
-27.36337363134181
13.718402423405749
1.8750000000000142
14.7847963706568
-14.778431361669933
0.3014022734020072
-49.404822533299004
-19.995495201985804
-14.1847817181057
-7.564682426585568
15.323741414182349
-1.9695513615023728
1.4074713836502681
-3.154410255497749
-25.64704800353588
72.8566645127696
5.609834957055057
-26.689433703060416
5.258256036509282
-7.586566078139992
12.39473753375238
-2.825988988574641
-43.350961998809694
-77.94691750588386
-31.88932015435568
7.263616100190685
35.433176369982974
-14.173533955638359
1.2651597886862724
-5.208113084919129
