995.7499999999999
-101.2665927430628
30.239473621226068
9.91805200150145
-27.49999999999997
18.263357756655623
5.063273161815886
-0.18493825614921633
-284.773299315933
4.768664482476595
-18.126845030971523
-11.831890279243645
-22.06397370853912
9.670943190041136
-10.548067440866632
1.2890375448599602
141.49429992612667
23.13244770558238
7.676776695296617
2.6097264807030065
-5.074538310268233
0.4641180903252611
-3.783378413094879
-1.2995576054483386
-222.36853880038487
-78.57834804648738
69.66583839581102
18.7235791763171
7.366785560287699
1.0683115364699254
11.432439387888138
-3.2081434523070915
-146.50000000000006
89.07606194151643
-58.22247481520699
-30.78882639441626
26.24999999999997
-17.43307736763455
-4.0256585042174855
3.0767144390868992
77.09779577523231
118.40536560367127
-94.39628739625229
10.312737892323348
6.894401564744246
-10.430685957503645
0.7184046300539251
3.3909520435189666
67.21923525610252
16.02586262115537
-17.783378413094862
51.913491359101215
-1.1452340099821985
6.490603060359178
7.3232233047033715
1.5678486349157543
110.16444905276941
70.53346390071329
-29.073410767450785
-11.140243280047518
14.58608109677456
-5.52911243060778
-16.475365236492216
4.938442298709906
