596.75
30.09120313655525
2.9533649080594415
-2.2820370195064896
5.250000000000043
-5.360594784172093
-5.282294550651649
0.5708102977985767
78.29044817125964
3.6234921478115893
16.99826162220821
6.723929753665475
9.818961290015823
-5.307959110625713
-4.987154226741838
0.44451907901969
-39.07237187122943
8.874464643722789
6.294417382415934
3.337450892409824
9.231996206569024
2.0114530161005764
-3.514087296526002
0.7799853788389928
13.791201174527583
25.60992559631201
1.6318501423914786
3.652843137315268
0.9648632655546256
-4.087894356479014
1.9623100557788822
-2.3323278559416614
75.5
10.58189932670493
-2.692382263643303
11.167979292105755
0.9999999999999991
-3.954496689711341
0.03282904840142775
1.0777759978960972
25.620409928498724
-18.39774969825407
2.7151998883756185
-17.43193294135368
3.485979684003185
-7.261600347951353
2.1421339544586444
0.4981200584709651
-2.2163610618225897
-15.149123293048664
-4.2640872965260055
7.7867771529296945
-0.5768414356606679
-3.10267653272519
-2.5444173824159195
1.2018909088528518
11.096309765084513
-9.89951950585497
-1.9829783632476152
7.419764648466781
1.838473199878468
-3.0459926921387876
1.3343715365793396
-0.5147349371754678
