841.6249999999999
-23.300809634311847
-132.94545643772705
31.74961473302254
16.37500000000007
-12.092770817775644
15.154598726605755
-3.6724145516193865
-114.0099959200522
-18.793261233590563
-75.56534658545212
-7.1655117734331775
-4.57304455371299
15.496170806254632
14.15288502593014
-0.48812137588304605
-142.05011928212113
25.469939249071768
-10.995242597140685
-20.79961081546207
-20.933028783595027
12.533608660618821
-0.8797574028592692
5.270338986071752
231.35678147277764
18.682310542735433
-99.4456899871276
7.722608963537182
-20.755277373027543
19.92654136293361
10.195791693479308
4.221800003348067
142.12500000000009
-106.36478595342915
-98.93402463967817
9.890028205858151
17.374999999999996
0.7050490518599197
9.725740002465738
-4.172536039747393
47.29488882455141
7.939365231820048
-119.42267063247579
10.876658655343164
4.7166865162167575
-2.249890722222192
13.13029765686308
-2.2098250809955404
37.597139012631985
77.08932902397852
12.370242597140695
11.901418384011238
-9.05342785607652
-2.0735144246432187
0.4952425971407042
3.155581483746443
30.555547580438066
-66.03800408347341
42.64337006623484
-8.104035182523695
-16.155373501909
22.673322991398695
-11.690330510047337
4.8205429922754925
