624.5
27.606921960256088
-58.03511593045539
-4.816015417443396
5.750000000000057
-1.7706091252953655
7.532451057830329
0.9506832830636469
-1.5085720552087167
4.187394810867193
94.5533574089965
1.5654205992735726
0.0867720432225596
-5.324990826795943
-16.466982544879855
-1.262491900805649
50.21263586387524
6.36272659323517
-89.4064844253886
-5.502448021816127
8.835714537116264
3.5992373709858767
10.984388539871478
2.2863830396591336
-130.61854191103492
22.684722127678793
88.34048109176246
-3.4637514320233977
-0.2934507213464723
-5.1902140438711815
-15.371335545911066
-0.3225631192132279
40.749999999999936
25.324982882413895
-76.55515103473928
5.979876405631984
12.500000000000007
5.567517772087184
7.897553421677015
-0.11860032168159496
4.2413171469324995
43.03576655480967
58.227567965270666
2.244814798673248
-10.517689567279916
-2.278889255095887
-12.784823502027159
1.6491882217460692
36.29743378810484
-3.687264524702619
-29.01561146012846
-0.7347612936025811
4.99926480780848
4.380158528765908
6.406484425388577
-1.495037270231147
-7.788257073863421
18.172536941738752
16.95937599806041
-8.639475267271298
-7.291060516343793
1.852217163677115
-2.5808361420990322
-1.444754123747932
