806.5
-25.400268215855704
-51.941027229584606
19.82384258812455
10.750000000000057
0.7189668885161353
8.525971518575219
-2.3344648673871724
-90.6793430114573
-17.16869243822877
-49.82253982928763
3.072495533995589
20.50685362277563
-9.02712216914334
6.953418451110064
-4.074423143916982
-354.4201691514854
66.15070496380352
82.95000897343752
-19.85869131795183
-1.2873321535626516
-6.282647186829223
1.0595058322812392
-0.08749997214880523
-17.795318648677302
15.20957783702845
55.643589188803105
-8.699330873558532
-20.815877744808773
15.88919986289997
-11.4585250849452
1.5189846066076786
68.00000000000009
-0.2164714466436628
37.36389466267414
-3.4370456851927074
-18.249999999999996
13.237065180620489
-8.441082610458777
-0.21204356790825196
-0.9891774672767149
-102.57927495428375
-24.955461922217665
-2.4322377730692715
18.440430254718365
-9.02033904055153
-0.15077228955764888
-1.6491793736076437
-10.95302235150502
13.466075651219608
-93.69049416771885
-0.0946613816075157
8.65117193947758
-10.677317817201233
13.2999910265625
-2.6717091944603295
54.288395750295585
84.60413922011375
-42.58983441566116
-1.1141206202205947
-3.4631950895229533
-11.367214118328377
6.09638206481717
-1.6116376476610963
