593.4999999999999
21.522743104820492
-49.057303249758704
-1.5512624008386666
11.250000000000028
-5.447858063962052
8.955082236429476
-0.9005313556843255
60.87010736305621
-29.59189931669717
70.31259485020277
9.33729093391321
-16.180194693432085
-1.166153233648787
-7.658891183871601
-2.497703146596783
9.932388320336534
-18.91549263775213
-42.14213562373099
-19.70139521030926
11.741002416891392
0.07670844876805538
4.222348417211226
1.2391660437034464
36.78601777452656
3.548908174989146
-5.060358355841323
-0.9992186521644859
-9.344559811853411
-7.36076860278447
0.4689028929770829
-1.4168712559298484
-129.74999999999991
-42.79385866959742
52.174813399825375
3.4313428719772148
-9.500000000000014
2.069458416417227
-0.7754654688645506
-6.538645740837434
35.53280730497747
10.566366192541542
-103.82057512121565
-12.477777960668368
28.973151418779306
8.969781400641622
10.35322846283759
6.0918013938025934
-68.78706391651014
36.92339187393846
99.72234841721122
10.925617376947363
-23.2639498419024
-10.276769469041543
-13.857864376268996
-1.8573570213248995
24.998270558772226
-30.614712504480607
-64.84436980883137
5.12326001483534
15.101721705481586
-1.312204002698466
9.053167437096244
3.6213365682200367
