853.8749999999999
-25.025291783180563
-37.21698881626543
18.47356645140681
12.875000000000028
-1.0078952582804703
7.16254099115524
-0.796091000113659
123.24625059547175
-4.944543676737905
-92.59310219054203
-8.455638780860127
8.766066008148591
-11.034327880933036
6.767074583059404
-1.2059609652397638
-257.24104900585155
47.05885434989246
-9.46706800408868
-13.829423555759888
-10.771520470288621
-18.03573133164758
2.1263392515506396
-4.029146154629377
-201.8811980699304
69.09688239012799
64.00897898821628
17.00414571680019
9.701709099831298
7.431020585719931
4.364828915109525
5.835467640079977
4.124999999999975
18.332973741953985
54.472905409731354
1.4073304925981978
6.124999999999989
21.5809799104412
-0.7802731716930067
3.481422233306775
-7.869855706964357
4.429250985681481
102.72773635403195
-7.368862121870363
-19.89413462148692
10.936086945787014
-12.60157112676426
0.6349416130023817
-27.528602513914873
-103.05281649281176
50.376339251550576
4.349925847053477
5.679401091501884
12.703182816340906
-13.532931995911303
0.7993449486184296
-99.2281283263938
-61.00584367283015
33.65789061142681
34.49626865805866
11.104901392862008
18.779642593378426
2.5013984188670095
0.004311014150667258
