566.3749999999999
17.09714679213927
-45.917404328345086
16.66579705651411
29.62500000000003
2.1199817582077074
1.8366354421276867
0.08341093451299386
104.78732184527033
-16.51250687676315
32.3728763438891
13.964442941836811
-24.732311756350217
-4.4599523952998705
-0.5214804828836641
-4.136276286745767
-0.5659179601287043
8.978515990580066
39.887378220871696
-24.029959813492013
-7.463835148357174
-3.8722517874069444
-1.104261312908429
0.7166535931768236
79.76446093737519
16.104353444365184
-69.91498247002262
-18.728473446496924
33.294308434698856
1.2878473698677861
-7.538472279609695
2.7405640661044623
42.37500000000003
-13.40869556314632
63.737730664701715
25.55514581370802
-29.37499999999998
-9.112559869816407
1.3352676562896209
-4.68136287356508
-14.699318211879211
-55.22889376754797
-17.421633810703373
3.4351868136415495
-17.02066802192401
-5.7160702017661
5.866200219617509
-6.2847338521608425
54.489319933931924
-4.286147317072399
-76.85426131290845
-20.47019780407015
33.263304328916995
8.812273264971266
0.11262177912832216
5.766986963158056
-80.05851295128832
28.011063157028016
94.69328649854847
-10.150960308174083
-18.021824023369366
-1.0472273567197286
-5.424247384491272
-4.042949474973831
