843.7499999999999
-33.061091662268964
-57.51033435450995
17.63703015299653
11.2500000000001
-5.569916208726312
4.879696961132289
-0.02046726892876194
215.9193741148187
2.6557453290509834
-95.1734495606436
-0.8722113393812982
12.0029679602141
-17.296123717946116
6.347563318028008
-0.07189892197566028
92.0458643826639
5.5350285585938614
-96.06181451127853
-40.68191965209758
-14.141222730512299
-29.296782469897817
-3.0621843353823506
-5.442661872859306
-187.45868291163166
51.29242284550665
-47.13735774456775
-3.62709980652194
-2.2714025170500136
-20.021930846678675
-2.0654950492983097
-2.785615792391157
-34.50000000000007
78.12034880138256
-32.919424192099555
22.57757420013175
17.000000000000018
-10.249846424137342
7.411916814199319
2.3515728076062077
-17.989539757630222
64.43905189057483
-12.910096442150062
-2.1969218732411377
19.66566887571949
1.2861095488521723
13.041166763203128
1.6585393690235382
51.711907236614536
63.19397281138916
-9.312184335382286
-26.077359663225536
-6.0488279596994365
-9.345437581411176
0.8118145112784925
-2.4138663271134
110.8143381616742
51.75311005146179
-37.45649073769834
-30.569992805570685
-17.864936563620105
-14.525647437564963
-8.988595810172187
-1.814755071381231
