557.6249999999999
41.42394522781872
-91.4569329271535
4.992369267391275
34.125000000000064
-7.965215750773986
2.2990584068608513
-2.0617586920638775
-22.103757490396294
-45.04270339116033
64.65608231334807
26.733648179911754
-15.755056942453866
13.69785272244712
4.942680853062053
-2.097897368803555
109.14244343695111
56.225610869339434
-7.732679464217143
-12.018659883464958
-17.197882486604588
-20.90743505199551
10.472903153366895
0.571154380689437
-102.93138401118665
1.7078916106184727
59.83418546980472
-17.233879595555557
14.298789858275788
19.818301277688033
-7.518221245193968
-1.5791430881076662
93.87499999999989
52.07676323826648
-70.5671734690143
-21.896348757481967
31.875
-1.2728761797362906
-9.330341826215983
0.05411051019347857
-32.0911621822959
-8.074662834179755
83.14110768426723
17.57045677052595
-23.125141415184274
4.7347724299225975
6.533358021511765
-1.9949041848922946
46.93035574776634
-5.404668981869281
-33.27709684663302
11.486037950065514
-11.1417722098838
-11.548285468098431
6.232679464217145
-3.450800972035096
66.71693113548412
-14.345741875965661
-51.09006852765632
13.004943073063648
24.31538862236492
7.887454102199214
-4.930402436196988
-2.458189443206745
