716.4999999999999
-47.205522607093144
-8.417385769236759
16.423753374732684
3.500000000000057
3.086154650208968
6.463173896148078
0.8658001802752544
120.39616113948358
-49.41835794805182
-18.030217409795974
21.628791280460845
8.114785842471804
1.9559230535960666
0.4389428837859697
1.3445047053089079
229.5824140862594
-40.97741120082092
-13.356601717798242
-11.07093800727452
-4.082184393841018
-0.04832453619588151
-2.8756313292354427
-3.7711854082724816
45.670816213016884
-85.80834788279914
-23.67124406398492
-26.185482844829398
-13.712511732510979
-8.4884504407725
-9.465675390418047
-1.2101551566712123
-103.99999999999993
-39.975215890900074
-15.669140172859645
3.954973851832902
-6.99999999999999
-7.225381968275023
-1.8981691819424675
-0.09566462134576748
-43.79667700751721
-29.396446561127036
-27.015167828861358
22.75419024634676
-2.854544680214161
-5.329235780932041
1.5710895174458912
0.49673864483406627
-121.88535655412136
-1.0222126772413525
27.624368670764582
11.033276322029653
11.703023992741388
14.344746268129162
7.856601717798235
2.182218508942849
-97.08844942840302
-21.41285460757181
37.536234857626546
3.738990418770775
13.089837561453129
12.235392998259035
1.8125233202604452
0.9330765738132725
