684.9999999999999
108.78266506656114
0.606854196949044
-38.46893736658657
-29.99999999999997
10.873222873527936
4.078201562410115
-0.7040335536136517
131.7885736233437
87.17792233996377
-33.06814190183978
-20.564931682016418
27.60222160583107
18.305934572083316
-9.277667329705165
-7.818410849781891
52.58244312148234
74.74163466435107
0.29809703885628025
-12.50691509696756
22.189040105994085
10.691870062717289
-6.679825022501594
-9.450135616076711
-38.21479664725688
88.88532199552162
45.295650294560055
-55.172459949857306
-25.17692614118119
-5.898166121373536
12.734288799007555
-9.717124348129317
-125.49999999999997
38.449225179212675
-15.533841147823036
-12.210711587305486
35.99999999999996
15.25811007265818
-2.2248099231615655
-7.106031428335184
86.44038080170758
73.81636675304686
-9.269028307633743
-6.523797450608948
9.49058007257118
20.447063205441133
-3.0247941966586542
-0.6611425607600444
291.57218090101804
85.18346869974906
-14.179825022501571
-34.06308487892429
-53.56908155993142
1.488029929009631
-4.298097038856357
1.9780418595387905
120.4209771858257
17.555957820982695
-31.596067793494825
30.740529984198364
32.123490507574296
13.835825913066156
-17.483966013022606
2.54747440445243
