544.4999999999999
-10.652352281735133
-42.72826183432936
-2.120512788307309
16.000000000000036
-8.49962641554157
-1.2432379567091445
-0.1927879059005022
-138.67728379470338
28.69752664559757
33.15126496179765
3.217709508442244
-3.6237910816554937
9.820881302190966
3.136348269736759
-1.0193184372642792
151.27099186579522
-60.85040162757539
-24.042261889578064
6.956369851683224
-9.181586089649098
-6.911992028711278
2.361174208605572
4.975816850362178
-46.369575308938224
77.49734238252884
17.529080904987985
-11.114747280441573
0.6027944066938673
-7.006197801848378
2.23505979313785
3.6124644015488134
-24.250000000000032
-81.74684528131526
10.792742697317786
9.033072624717086
-0.7499999999999911
11.259163143172431
-2.0351179497743033
-0.29686836258631777
15.38374172789701
81.79402002383978
-52.61134209856874
-7.437285482820773
17.145348385649704
-3.6036599751977025
-5.685131476103688
4.472585940785564
8.508790744782294
-45.79104517699679
49.611174208605604
8.526230943657486
-14.326931872468789
4.837174209167612
-0.7077381104219489
-1.4623495751223432
-24.324656943960306
28.049593881763286
-20.3436702503064
-3.296124860447721
-5.993063142873794
-7.18877491694635
6.519495743128759
5.020880610041699
