623.3749999999999
5.624165836265703
0.32464932550362846
12.121084155530028
6.125000000000014
2.493873031707267
5.683383922932627
3.5764751980777163
36.64829888286896
8.275431702205978
-9.692515507339841
29.163978833442812
3.5008338874206455
1.5933510880281385
5.172307325663928
-0.38444899275747435
135.32177976276301
43.15992856714687
-2.390165042944954
12.345601816301453
5.330713251856039
7.382011070610221
1.521631521458589
3.1482134055244124
235.3471561424623
13.087474389699864
6.983620411690765
-16.82646599608192
-9.200536779534605
4.182673134020721
-2.282863480921307
-1.6449627120125747
56.125000000000085
-12.339382761595912
-0.9779308079418865
-19.181332798872123
-3.6250000000000018
0.3267988657465679
-5.953981973005824
-2.1264542372431237
67.85484851440324
-6.5361249689598555
1.2515231993983331
-2.2064141625053555
-9.687141571977502
-6.419223018242266
-6.378132350881366
-0.8172243669546582
80.7351978497497
-22.142280027005583
-44.47836847854138
16.104179792022464
-6.402323502173762
-13.757805481190417
-1.8598349570550714
-4.513752712809151
54.785037352682295
-1.7735362892834843
-23.63473302540341
10.311347668626356
-8.792955886707425
-7.65493348558476
2.365897832888522
-2.5297426878817406
