627.6249999999999
-2.1265123546507283
26.027964449494718
10.430885718770455
6.125000000000028
-2.6064945246159397
0.4486832020879845
-0.9712129635746294
-253.88524304510514
23.760242601583364
16.127582418371077
-21.67712468867895
5.892238116881138
1.3141836230554915
3.4262994627463303
-2.6450413924029537
119.78017309944103
-41.379790590662836
-30.044863799599455
17.985545411668543
-16.344810426644727
9.709535742307146
-0.3843298936667363
0.36114378006934356
-0.6259503165071458
17.167583131915933
21.760322742215088
-7.572808261645045
4.146551729914844
-7.654675314204358
-3.035742784060268
1.6928133219201833
63.12499999999994
30.00551262683711
22.2996172710482
-12.853383893040425
1.1249999999999973
2.8559720529119614
-0.7129653320948783
-2.713974600440043
-81.90584782340235
-102.65564693341283
-0.7812688779708719
-2.1135677641250084
-6.8873585881447035
-3.1299875338657213
3.5252997228799083
-1.7622418905856145
-9.701359815403567
122.36981673435923
-18.884329893666706
3.0584771345419313
13.12929632985124
-0.20180054632316669
-3.705136200400572
3.6311877275890216
58.85478861111221
-79.60393384232356
32.47222063474466
0.6156413994460301
-5.934174787063689
4.285708922813729
-4.698504558530878
-4.05744680607263
