512.5
-1.6062213193863357
9.654307805879341
4.583428292490169
6.000000000000043
0.6358011930913463
-0.2105725274964172
1.2280044802903944
-75.48225270437693
-10.91893911668652
-16.725844668781345
19.54458322980597
8.365113022858628
-1.2338635358418788
7.051744701549095
2.7889251044920225
-105.96408289291006
16.48775960605566
2.5392135623730923
28.793153664911983
5.153794644158811
0.6437218517532877
6.654067427419099
-0.9327481293327997
68.696318611248
37.264985659063896
15.762098491425991
7.408817661318821
1.1766972413813122
6.839750834314664
2.3589107149805697
3.946131644650547
45.75000000000006
2.3163825827189566
10.98408441350033
-15.073189536758505
2.7499999999999876
10.0041812822293
-1.573178183518686
-1.2647868562423068
-14.17187859457546
12.18344084615685
9.232510525458897
-16.06494792233984
5.9234691167550855
10.806541267115493
1.8727083810232144
0.7493741989354178
-35.66406646282088
13.604426861148909
43.90406742741908
-8.651177952545751
0.030012761288384038
3.437424054947356
-0.2892135623730753
2.614286515665349
-30.614999477953443
-0.11577365216248481
9.05467413406986
-17.250525004029644
6.740013452492143
4.91501073899856
-1.589778980881135
1.2035801882522077
