611.3749999999999
18.341757783680748
42.08658717326335
11.445437154091366
13.625000000000043
2.437416082965534
0.020739028551531646
0.6733443361579212
-145.24950037594797
13.653878587081202
15.874989347877381
-24.997359276910935
-2.778169206080909
-8.765723332531438
-0.6262656362424499
-1.883324505582673
-122.22263771975767
-4.01135726950432
-26.62329092434564
8.275801778667368
-6.17135361904595
9.978655008422674
3.7179608384557365
-1.9174011601720462
73.69949980904228
-34.543114146740564
-26.204389180528985
2.302406511317036
-11.46565702382091
-0.3785595177767096
-5.180860939347624
2.487077499006091
-9.874999999999893
89.0913577096106
17.52850605925449
9.757667128004686
13.874999999999993
0.17109882988010128
0.18090143912802858
2.966671344734316
160.8281077286848
-46.801678832357894
5.0005506618795295
-0.9742305852260102
-8.710868255969022
7.954952801563756
4.222495076549585
-4.602881484153349
-137.30407160322994
-97.65846435642837
27.217960838455724
-19.86637431923451
-5.426384109947335
4.358584294862859
5.373290924345685
0.670364592822492
-11.078069906128917
109.021004426968
-55.531535441228655
5.825490669944141
13.337119595386433
-11.682757943559142
2.317276873015837
5.088762100038097
