518.3749999999999
-12.185310516895754
8.867718714120016
1.9194500555622227
-5.874999999999943
0.4063118110948878
-5.702614734246524
-2.4456757354966925
3.8605728703068647
-30.10698773117832
-28.472382534014343
13.967958692782487
-2.294079044034209
-9.498345861179246
1.3498220552528402
0.1315919748212086
-159.51097582885728
-9.06534730063995
-20.268213370149887
15.364963185872277
5.944366567348908
-9.636272377888385
11.051330278113136
0.02157805027683235
-31.95919301835199
17.95579413420947
-5.840760398375181
27.815078532471915
-0.6372474980137532
-5.133678098693094
1.4710298988218726
-1.5244991268703751
29.37500000000003
7.317350563476519
3.898466667599971
22.45176880470648
-2.3749999999999973
-4.726138043261571
-2.0206948412889996
0.5920958260576658
54.20347197288464
-19.425248341435434
-20.680050570038254
3.414418940163208
-0.9328165512490809
-6.164690761493201
-0.44070787858108984
-0.41121522367439844
37.25291720289448
-5.123381146617061
-28.198669721886905
0.6825999119929516
-5.574114827753741
5.25980703701893
0.7682133701498947
-0.7897003117795814
29.495797748382646
-3.8203109863225126
7.907450944475311
24.36535521906311
-6.6538312458097195
2.9177061610883346
-5.427845503382125
-3.0434000398003946
