586.2499999999999
10.783304957188221
8.228860340167117
25.52010750648776
18.000000000000014
-7.881694708704288
0.9210632453981376
2.6359695704560195
-8.401904453073934
8.936768062096943
42.38395005513138
-34.81699575252651
1.5079179013544435
0.02151833027941219
-2.5795568916205127
1.123238257669073
-189.88230746397204
-15.915959020175656
8.962310601229397
9.398758773663516
-17.72067264683469
0.26988022961504043
4.3557088834312125
-3.066305496956933
-44.50591285879901
-25.48890136834776
-12.807790672119996
-16.058587734893035
-5.416597404891027
7.967822361717947
-1.5939060446364872
-0.23288420454504322
-87.99999999999993
23.232085838577223
-35.894836198585864
12.36517378664415
5.750000000000011
-15.67519957221936
-4.344333582575018
0.18916444211940409
49.818216796703865
118.73466987327916
-0.5521791937271452
19.241162958830945
18.636005428374567
-2.919334326464826
-4.768324358418081
2.0171952860621394
164.16081082937416
-30.71320331844768
-18.144291116568862
8.058997418761944
-14.0371030110819
-1.0099899364894522
1.5376893987705902
-2.757197870272808
-65.8019908313041
-85.10342114521798
77.62255357856966
-13.527614984689276
-12.19471023967758
13.681218578739387
2.8833977318545916
-2.45884600073913
