514.125
4.15936213859267
27.33171112725808
-5.793902682330327
0.37500000000004263
2.6509413488212843
-6.856297605567875
1.6704515176551809
101.29553693731557
-28.982775051334837
-16.029913605115514
-0.23466030480219757
-1.0696387606875515
0.5561907541765923
-3.9984855955484875
-0.8135924263240835
-124.01290449820169
-12.44372136133848
-14.72011633129362
-8.96163312880335
1.0079435692302727
-6.628290547180082
-2.665291308792021
-3.764935163137891
-117.11601477017028
0.7853094424655218
-0.8944534759608622
-11.036309184694609
3.4076301259253867
-1.663051775812388
5.501640571617852
-1.3518800812212048
-65.875
37.75158341696877
9.764401772456
13.078686945144844
1.8750000000000089
-1.14238823633589
6.914673385349335
2.376625006185441
-35.92782007230906
1.9909673777472383
30.302492207957936
16.817025778383403
10.340882004867625
5.294561331942346
2.9809144167298007
3.4525713320435725
1.442486713947726
6.360012050989187
7.084708691207963
1.1489537680140014
0.8001873288470172
-7.226442218526508
1.720116331293609
-6.373197219462959
1.5992266212034503
-8.333514872128337
-13.089135573955758
-21.22345264375459
-9.59805132346798
-7.373747601328219
8.494617820018892
-3.2754770959129416
