561.625
7.356717123766657
-11.903156243183261
23.36041758082233
8.625000000000014
-12.642834326028954
4.253953625789627
0.9438452283438892
138.18389295732126
-9.769162955562752
18.778415447802576
-18.931830925419717
5.956361974405208
3.0368784057907803
2.1514788014917237
1.5165066425337885
-109.53192598786008
-34.525796748858994
34.891057877311994
-5.632188037132
-6.928271622437021
5.6548704103555485
0.6888934110366889
-7.242309539312597E-4
-43.22395009241883
-41.565578104426834
34.317000639110816
-1.355250216273447
-17.409362084883604
5.804729190786028
-3.567433869210578
-3.5457497010442203
-98.87499999999997
-68.86846211804226
7.339801271772754
-35.33628289180139
-12.87500000000003
6.681419660970318
-1.5519559564894978
-0.6349552742988485
-151.7986878951024
-10.073415149677544
-22.75688619554063
24.995854687740312
-1.5128752382962567
-9.205409955506411
4.335369479227689
0.23556726163441866
-44.604242392287695
101.79535515791937
-20.311106588963327
7.372500189232916
16.26438754843642
-8.517810710019944
-0.6410578773120186
-0.44053016868972694
126.59284228933689
50.20763213948814
-94.60859686274354
13.661976228148017
6.880012524743492
-13.812666074697956
3.5037461074129395
1.3298231273425882
