512.125
0.1371772037108343
37.41794593810474
-7.731559774675787
-3.3749999999999574
-2.7606835314942018
-2.1044172050879695
2.066468558757226
155.02638487313274
5.224283574226856
-4.427895217443584
-6.044640851693369
-9.191754363346814
2.2625211533975094
-2.458207550645062
-1.5483730969290885
18.771744015963478
-35.232270286737
-27.596640494896103
-6.070027423252346
-4.644602721016391
-9.096880904697976
2.7363591206574975
-0.06450235730900133
-64.6395836666826
2.8301493298864067
-17.501620880719187
-17.306564759283788
6.475838671611932
-5.820829453850812
-4.284644475535902
-0.3094597522560445
-37.125
-9.440089568969576
-27.717210846736236
-6.634395439685781
3.874999999999994
-14.616754312868844
-1.913758834745575
3.187083217761698
-38.950841148991664
41.805148766580274
-12.811131842525675
12.051383724075883
-4.230704216303472
-4.323007731523642
-2.1422198674699295
7.130401861580595
-42.54736039520133
-23.79906189263195
6.9863591206575055
11.934185061918889
9.365303815890176
6.5341944259473586
-0.9033595051039085
13.590205219840467
-21.44326678356801
19.823840080997613
5.304145520346996
11.937226314908374
14.347954803988674
6.45967013398238
-2.441901533426366
3.9052889165805613
