1067.375
-33.53629043186376
9.10830400290456
-4.407095526374292
-19.62499999999997
23.657766286517116
-1.2021015725260327
-3.223713297369926
-197.3547947256805
-120.38277685756127
21.595339615103057
20.060821178334322
-34.39582851334182
9.537603197247158
1.7806316644653881
-1.1638061192170484
94.05267793575028
146.47170003138217
-10.136485386504582
-55.46056927274342
13.41349261701198
20.526304923945954
-13.552223112480185
-8.420058449220672
123.73269501655594
-184.19262463516625
76.61912865489893
32.56989309045096
-13.30946745272724
-1.3424150794852991
14.083233015344693
0.10605574427242104
-250.8749999999999
-74.38700084488512
68.54167092489695
-8.817165375219107
3.624999999999967
19.9424280656445
3.133783148710108
-4.070474529549446
-43.40451439307604
-92.94362785063348
40.8869018462717
-14.827326629620158
-4.548460955210395
2.4315227541794115
-3.1470444751289186
-2.703771923459561
-94.02459796837222
11.067101490017544
-4.302223112480151
-36.821393731582276
9.19154316822609
1.2313282634203118
-5.363514613495386
-4.500314069270412
-58.54520315982935
-89.14871766935185
9.680519914520412
14.973544091046055
-5.681906365340975
-5.60160671530471
11.561238361563337
0.8813610129309541
