570.1249999999999
21.477885292804388
-36.81109174115575
11.170681681961923
-3.8749999999999503
-13.771707173695589
6.182618767497985
-2.1951983125438055
182.20760046467126
28.02673147108573
-10.216008163048226
9.25759526305611
13.503590344976413
0.3729053883923026
3.5651381875731047
0.020593124006103913
80.95023640715439
-1.8038483093587168
6.43458242536086
-15.608417442891202
0.5760165642630284
1.132862782794465
5.98509646218665
2.049220541550194
-2.3837379738987776
3.2161976659045335
32.41025318279583
27.66152849785223
-0.39045749288804
-4.194156574954759
-1.8749034950602579
2.0809550777929706
71.87499999999997
-30.814796407642795
45.238092916049254
-35.098274328424054
-1.1250000000000213
6.172410224595666
-8.049608643834437
2.402772053590912
-65.80966097561611
-84.55761448068
46.08696967379106
-23.581088378642868
8.937240883792132
13.775655837530069
-4.609490773128023
2.305032430736368
-91.03277143768517
-86.0108110864116
53.235096462186675
-7.667896172312001
-4.162265599129238
8.019519607779207
-2.9345824253608424
2.558672136368999
-151.2141995596081
-2.8663386796820136
85.76673602807323
-18.961740153224106
0.7508769049463333
1.7342546659430822
-6.90427437299833
1.036084193532024
