526.7499999999999
1.0255814235152911
52.17481339982535
0.4281451535935332
18.00000000000002
-4.520256164748162
-0.7754654688646738
0.4551468732722199
55.33695854650632
15.255895925829396
-0.9042490100303078
4.352414383203465
-10.496561512399879
0.7679517318643605
-6.484551283001249
-4.01947762726045
159.13921587202412
-27.051223387383363
12.010407640085628
-4.329384014152794
-0.44552524205493427
-5.699563953842013
1.4675144212721705
-2.526314360518657
-59.364769138241364
-2.2240007956796966
-28.827633575186177
-10.416837715859948
-11.451548898214762
-0.08945235880250024
0.8504733902340789
-2.6788467319970537
34.99999999999993
-8.425325993542906
11.383182370066107
-17.134183906127504
9.249999999999979
-2.836794760139677
0.6968924808142543
-1.5846827008505908
-36.6905245447136
-6.588920220969317
-34.98648039010701
-9.549607467193969
7.544795212535651
-4.664637736091204
-1.970288993518595
-3.6130880922056905
25.54451940509508
44.02587070353413
11.967514421272181
2.248641193153085
1.5375328480041968
0.5959545135118391
-0.010407640085656311
-1.982829692575033
-16.75039141689833
-16.47963273565192
-11.96931451764814
5.621135564661652
-1.4612629637066197
-1.3798186638301793
2.1625972869633365
-4.174420473878268
