577.6249999999999
15.439931097791344
-47.804791560312964
12.575394098999041
-9.374999999999957
-10.956118315125451
3.159612931204805
-3.9678662295100935
57.597460156062496
57.27815808219523
-38.867154348219316
27.01965770866911
-24.800333912661728
0.7256053826846927
2.478582642461184
-0.7732871765004754
179.00956646511804
14.782580092501481
-56.65666933744049
-0.8673631241577908
2.7900445374499956
11.615072804806971
-1.5537472760826843
-4.039537600328909
-7.433074106103927
49.051343020398605
-39.51371400772539
33.50801186213841
-12.140408720380158
0.2203976610351681
4.674825698885023
-4.542488803966884
158.12499999999994
64.05359718338231
-20.06917477366055
27.342422897731748
-16.874999999999975
-8.554328977326087
0.8714779998759383
0.8152016304402779
102.21867927923007
34.96064352791199
-24.16837432268115
-17.48544646168053
-8.786262017783045
3.1531533730297414
1.5609871194285865
0.20856709399477946
92.13431154553902
9.944155637430768
-26.55374727608264
20.036426783686025
-5.34994406316976
2.153268103673332
-3.093330662559537
-0.3728721073507636
97.99839845280067
-33.97913129921618
-50.49248594365026
23.617170543719123
-3.341857818258969
-0.8984970152759475
4.3988880411921105
-2.939323317363387
