584.4999999999999
31.08326853826202
16.817190469954852
13.714435168830931
10.5
1.9626635192164983
4.669807779476265
2.601468217865925
-123.33312353526586
-32.67536134118203
33.23351931161456
-1.5344939444461192
27.625360596732733
-6.081188681259084
-3.8556160094743417
5.173942155534125
257.2662540643114
17.428088450354913
-7.646446609406745
22.618939321010842
-21.227665347810287
6.600861356884263
-3.8700576850888613
1.4782260452068803
-42.43011560427509
-25.43709276755547
22.24046593484583
-9.204559165625293
16.817616498526796
-9.997458470659296
2.131408431131408
1.7233243855291538
74.9999999999999
11.671479482727332
-24.847909975395687
9.775852782228968
-34.49999999999995
4.51537381203239
-8.378924146609188
0.9724548329216649
-6.545126825461399
-14.258858291461884
48.28534888786369
-10.648216065741789
30.4046607094816
-16.967013709628514
4.10470783638709
-0.2594232378917818
20.07671585984984
-32.04048553829794
-49.870057685088796
-3.3159769156581747
-19.89060642316799
2.335782057620252
-8.353553390593278
3.5134740371524797
13.058990913593137
35.5231845604516
33.762281703731844
-4.096480848404643
9.12764122598313
-6.998960038513373
-2.2958621399653767
0.8469342164358221
