530.2499999999999
-38.31589241833677
-12.402732760668783
17.31607135955298
-6.749999999999972
-4.089772409773808
-0.5451789315770981
3.6152209467140644
-142.87827743755307
15.962277889852015
20.57466664740254
-5.117047381199566
-6.871132819682387
-4.7694019199069135
6.014572504146946
-2.9044066994928555
81.10607431337985
-10.984093177869818
-3.457106781186548
-11.76556718265888
-2.8605103370812994
6.154381883771963
-7.957106781186564
6.2248088326173825
-98.11950931951107
-43.316077664587006
-11.004131547638572
-5.029844835173952
22.006429617893453
-0.21276320552790695
0.8067561516153916
-3.9956235004808347
-90.75000000000001
25.37962076487784
-10.970486176412647
23.35749771215515
5.750000000000021
-3.5240299337955374
-4.926807592461769
0.36518965396012515
21.335123677219364
31.85958453115974
3.789984961860388
9.135216540918785
-5.608106413980116
-8.483611132116634
4.989812192230796
-3.3142919958528907
-23.041912018591283
18.90356812120614
6.542893218813456
-5.985850472624183
-2.3329124740227782
8.16370296964718
-2.042893218813452
3.8046188752566326
-26.12799695831544
66.9435730469538
36.280284055480585
-25.232383748827246
-10.656159331413031
10.018991588121482
3.353359578616268
3.0511780774385877
