471.25
21.369607871169237
11.847938423434819
7.382649215772588
-5.249999999999972
3.9793239311931714
8.351727672433729
2.0003327323098095
-99.09434525986184
-10.636747927891175
9.33529963369796
-9.120334755276701
22.684771251012442
-9.800346134300765
-0.804211212917529
-0.011079587921826617
11.699724507150789
-37.80757202851619
2.1464466094067145
6.454886996428409
-7.515070136674696
6.738907438821027
-1.6005050633883346
0.9880217123572503
146.1167862150079
33.94398573142432
-11.310571065995058
4.510877838089508
-3.093783196211371
0.5975112541076992
0.8136972327227463
-2.2543021016027978
-108.74999999999984
-10.649456668285632
-10.396461027865012
-9.184338957235461
8.249999999999991
-1.4505626030705177
-3.5409882936948263
2.5754336961930444
90.97976994710054
-28.105347943400332
1.4861872828296736
12.188871335881197
-30.764475545737216
7.199277270302023
0.3911337139467568
-2.0412956428142803
-49.49486282895202
73.43427372914856
21.399494936611685
3.321894394783012
34.77281583134818
-8.121042299753372
2.8535533905932695
-3.074736129625062
11.418274129204752
-92.91971950614828
-22.475811264120193
-9.214372491460685
-27.74665210831413
2.2393152897264557
-0.30078870731560237
0.42659281949967376
