507.6249999999999
-38.04532973350999
-16.225925925808994
26.041847315707358
-2.624999999999943
-5.346565870733848
11.456464456810366
1.2656252382856152
-65.504470237438
10.97807819211399
22.533163764696386
-4.004193876760118
-2.9031465256628755
-5.898976572983929
-2.988691034259478
-3.375952717732392
32.58234317382588
20.759501054242225
-19.043339635996997
-10.384284258276615
-5.12295701147275
-1.5758912011516943
3.964281182015353
-0.022685464537783806
63.50502336470514
-50.66970137751596
24.271267295423407
-13.422251177031097
-1.4897448299687817
4.0430871293884
-3.173216562222118
3.7704766839498562
-96.87499999999989
-53.005008134128296
26.015532756724877
-22.72142969651903
5.374999999999973
8.609459867853863
-11.993677725525862
-1.9093051173005837
-13.403864768653703
-8.695097886408636
-38.9615849705017
23.41046631137601
3.338541141125596
3.6995329357160847
11.20920109933671
2.0759876368082546
-25.53766166474609
-37.25352752529559
31.21428118201535
9.058376488155703
8.210454400251058
-13.235403913271519
-2.9566603640030102
-1.4301728173485224
26.14957543870439
-74.00857353574474
-48.77605496672769
29.653287558659684
2.3757196049039546
5.92042732569863
6.3663730932314975
-1.2553599507989794
