404.49999999999994
28.0302297696346
2.7648394789899626
4.587661885697713
4.749999999999993
-1.962414434324458
2.1019425908948612
-2.652075992871314
-24.80958697453682
14.461207295712443
-4.486166592209477
-8.283166705036802
0.18846053977492083
-2.4137766091060096
-0.8739811063817235
0.6737461089732029
-116.77159037163327
-65.89529608466543
21.3351551083915
-7.1730380293720675
1.7492719198182487
-1.0853514189024625
-0.11979617995714287
3.028315118268022
72.64946054948395
24.29216833157607
-2.617540338223443
15.018166206175353
5.352083957126714
4.634803307187179
2.0281699336351435
2.3735275510333724
92.00000000000001
36.87463122348201
-6.922297375290819
4.4159657034545905
12.25000000000001
-3.705042976765415
-0.3798671452520819
-1.551926408835252
-53.614560637009006
-30.313760213620615
1.2508141222285478
-14.883333469882993
-6.759814153771099
2.9692706609010986
-1.4192842216616528
1.1625958407686823
-8.186616033471722
-47.1518937453325
6.130203820042834
-6.615922511346337
-8.842513655660108
1.8523851604359542
-0.5851551083914845
1.872419278780049
63.82706450810915
101.15560933190304
-9.867698228329873
10.043349099913396
15.427235414917687
-3.342934042449576
2.635356453137674
1.0513558372111231
