434.87499999999994
2.5846364665028005
-7.250929532225356
11.315764569624513
9.375000000000021
-8.189706536735628
5.032918727607466
-3.4661698433577257
-29.22732325123779
6.056575813169832
22.20862832852752
4.926336911367185
-3.4704079262593135
-9.959676589944602
5.4490909872522515
-2.058045017594496
-23.130642232581305
20.837089625072757
12.24156294070036
-5.489660905026865
5.091777705866583
-2.6359000017170806
-2.186737918198758
-0.9830521150012607
85.12430831662053
1.463765236032673
-12.197883860831384
4.074636477210218
18.503884212831803
-1.0386747430061378
4.599819825602334
0.7321710384598181
0.8750000000000533
-9.848351913536323
40.92212235196733
-23.197598063794278
-6.625000000000014
-11.819114787374351
-4.09709070080387
-1.0012164105032877
-33.73055697846189
21.097148920653414
17.751052383324858
-30.39527646080437
-8.388757030863268
8.668004209909048
-8.401428992175537
2.0296292278553167
-6.519558260214419
41.6704702015098
7.313262081801243
-17.449240931541343
15.885686947502126
5.165829595418293
-3.4915629407003417
2.4083329325183325
21.550585493375984
6.085353264607302
21.908262738673553
2.3938125981219542
-12.155401817324377
-13.902983047746067
-7.1837786724517905
-1.799216500289128
