392.24999999999994
28.7795386796099
5.377965408742739
4.095305823249589
13.000000000000007
-1.9391365583995324
3.1843347911872684
-0.7624782034741848
16.34521628287739
27.044771368941163
-29.0065053711819
6.937992190021462
-2.764605850051624
-2.653494053327714
5.682990603722673
-7.145690540136785
-114.90061766386613
-71.40136901360243
34.77754326381662
-22.19496636141511
-4.582585782724214
5.679227902942639
-4.8446699141100655
3.70276665745508
-112.23377740022309
-27.34981647634318
-2.7977377904985747
-3.031847850479963
-5.921853051216521
1.4471462722988964
0.05231767023279765
0.6842740611202585
64.24999999999997
39.622845389861865
-5.886332460487546
15.07907068466069
4.000000000000007
3.5229904568379693
0.8146104373323286
1.966033758392069
86.20595290910431
49.819667100451746
-14.555570322988078
23.628233953271327
5.889787171233589
-5.07259837448035
3.5767779639317947
-5.934710079603001
-10.855784654370403
-19.897121600970817
5.905330085889912
2.545690076840919
-6.490370370323564
5.156644654858907
-5.527543263816598
3.0490802938376715
-104.85738790460331
-57.96460285916439
23.615705968903608
-13.761612343412413
-4.819130420649593
1.9340510284494696
-3.5194678043937655
0.559674856019161
