623.8749999999999
-6.998420361426398
3.3600868545667737
-22.329390661576966
-46.624999999999986
18.758958022499087
7.132045031389339
6.251753277087566
32.002107302338146
98.57200596486206
-60.29674045991291
18.688844152207967
8.01400537790342
-9.922679661350031
-7.604516036969118
8.21320309612533
122.94499402819983
-71.7806911542007
27.96275701841287
32.11645752012856
18.69578716766353
5.8756455053005645
-13.053485770951035
-10.876661818377707
-40.92739579370942
53.17521327014131
-29.236283085920487
-15.480246017537954
-3.5270110403993424
-8.514899958219088
6.210333082548278
3.7787643088279665
-79.37500000000003
-68.02821567742207
50.86227618780278
-32.940999639250414
-19.875000000000025
6.037537502407055
15.327593124677723
-4.172895328194325
-238.97627143398654
-24.303890574675105
9.870268452540255
9.364672532588322
43.285414277731014
-22.05365540582022
-4.5219435172736695
-6.135446901638499
-180.4066509123373
-70.4538749122281
44.69651422904901
-6.806495826779516
12.144908076285635
-9.789776283140036
3.037242981587146
-6.6105185958390615
-68.86648381661594
21.092775586932724
2.756697252200663
-47.266660166870174
-30.72696408252912
-6.78602958194496
18.37257161744619
4.961895458496109
