384.49999999999994
-1.6554752718168046
-20.113610643434264
16.54913567010022
8.750000000000021
-8.597196042999222
-0.8690033856831256
-3.2937410941446448
20.690496891089587
-9.536889470692985
-21.378331680519672
18.739630444514884
7.6279520020463885
-6.605873730500793
-0.5772609482961091
-0.6346491068889324
-58.333393653181346
-6.362067537721671
-14.037058069535211
6.9421171571849545
3.6530736759868407
-3.2125930224794255
1.4001262658470939
-0.7284008306771104
48.993745161003275
4.203825100777422
-16.715703306628907
6.430875126763091
4.132204799709642
1.8993891578889457
1.3901079858526872
3.534393763189155
31.500000000000053
-34.20804844236356
-15.092298737198977
15.501990999929703
7.750000000000004
-0.34965780667339974
7.333827024626516
-0.020885910016497755
21.5398119344284
-33.5928984421311
-16.419074270229498
-5.074591741896917
-2.3566391454248796
-8.882778087906807
-1.4730988239123493
-0.9374176885864887
-24.54516622276148
-1.3526341939994957
-6.34987373415292
17.09527909168947
-8.81930001291553
1.5596351023818222
3.2870580695352096
-0.6849351685072631
-38.90119246665768
36.39136999332521
34.6336471397447
-5.252883480135297
3.306884286754574
5.298135123456802
-0.20256572023911756
2.4887924318367216
