433.75
6.410284774445927
-23.475688913716525
20.957903994146484
8.75000000000005
1.5754714802070637
-2.4529635191764605
2.6348432396826595
39.06995416961783
53.07310499270664
2.5287075616603736
-7.794418509759563
2.919627970359341
-5.953058090861035
13.75687505037349
-5.019467461674666
3.782539979434569
-53.062345806470105
-4.385407640085658
5.330745284472325
6.2746484670787
-3.3813347985498323
-6.696960646232528
4.639316602659493
-149.11520595679647
-63.34326312514591
52.44464094515162
-36.974134649024776
-10.472433553019837
6.859714275454271
-9.649848919209099
6.2196857770389355
-102.50000000000003
-45.18744719715083
-10.004162189843022
-0.5734711793968224
9.999999999999996
-8.27102770077794
1.9790752586283324
1.267220337617637
-9.60556652339034
-8.278190455980887
26.806551095205084
-8.424926796111361
-3.569942390270455
16.73491211321423
-8.97820282161197
4.531998379985741
85.56579276383735
55.48827015538899
-42.44696064623254
28.966937829122593
15.801622910783172
-12.802566609028707
7.635407640085619
-5.837517011089265
87.70006913002315
38.19589146675967
-7.972792986026858
14.077796585729399
-1.5602625812441318
6.764086169182379
-1.1310806172404284
-0.8338824568960695
