346.62499999999994
-18.985573893361668
-6.32704999971407
5.065171822160515
6.125
-2.231420926804361
4.650235295242414
0.4746356488012893
24.90896617579976
7.634834787559004
-13.365452142086413
7.629341060829485
11.273481853833545
1.2359481247049753
0.08702796601484515
-1.2350436424676021
-53.23151734318033
-26.096226770104753
21.359203627819635
8.09354450052523
3.852039382110846
3.368116942446954
-1.5166892065474058
2.1625578962808394
-20.03675063006456
24.027004761576585
7.470074218889478
-8.3550448143435
-4.215445953077495
3.5557076391347695
3.087179175592019
0.9816929102193717
26.375000000000004
-6.096532769471538
6.663306146589984
7.817798414764605
-1.1250000000000004
3.258630947443452
0.08124774960595094
-1.0761693571308049
9.145361868265791
-14.671032738439555
-10.054317610621489
3.7220766943457644
2.393509589896602
-0.3927996928186075
2.9154731799614115
0.08156827894653496
41.66757505954346
-16.228217992398946
-9.266689206547422
-20.14963068849414
1.7869086710481277
-2.736818376472397
-2.8592036278196353
-1.408107407550522
31.98823040650955
-13.068674587256606
-36.708602941440255
13.709488357925077
5.217493090655867
-8.18131911095032
0.19650618860680424
-1.886990280396887
