448.49999999999994
1.4701978290077022
-27.217634329250757
36.17383162296211
-9.49999999999995
6.293847611351914
2.8853737226210505
-1.8854459160238957
86.22238926149132
84.08320648542497
-12.84484539152113
-11.313551525861936
11.525243321600303
-7.551708431880515
8.20108079053863
-4.851262054895127
74.69399387999181
24.28819139355392
-9.439339828220191
4.149527145044081
6.494353201754375
-3.6212223945735764
6.6126983722080706
0.1830187934528016
35.34551686512722
-39.71867858821449
6.445538253114465
7.9232481832777815
-16.449379919407768
7.815470331744418
-6.788097259823102
0.05870307654719342
-92.49999999999994
-19.926651951316828
15.01585869042146
-29.581560276258624
8.999999999999961
-7.365241102468933
1.6275711318693955
4.386120966829624
-98.59036010934324
-53.49678024629657
21.159729415147176
-7.1373254637663655
-6.517515301294544
-5.599655054470633
-1.9368876305483465
0.6587384097550202
-111.0362881145428
-58.53959509180377
55.6126983722081
-39.30088616549814
-15.67875557851655
18.644452514297463
-11.560660171779777
1.912845871796225
-58.694845779564666
-20.30405785040591
-8.53991503269961
2.6742914339109682
7.166495722616673
-17.375474356112598
4.818003899173539
3.093200385767883
