360.74999999999994
-16.448474816853278
-10.60820009967913
0.4736754529728131
5.000000000000021
-7.502816807150719
5.747050604020103
0.553215801408923
-3.6753655196980537
11.727617970921205
-31.823713920961726
-3.218465065284251
4.665274629067592
-0.42926700410846585
-2.201058450788778
2.3306311516207003
5.224602116710194
-15.845943892439937
-3.0695436482630107
7.755087593007188
5.622533528958276
-0.3238630188968845
1.3173881554251212
-5.330578931086678
-84.3611184816588
-8.394855798486573
12.322905901297565
6.666761962022296
-2.6990785859540827
1.3194264767335442
0.5858297653259417
2.1895202167567067
-13.250000000000025
31.08782056757487
18.830261321302437
-17.87109008569579
3.499999999999981
0.6587759870311963
-1.5759944706317148
1.3647584790445821
-24.872164631044967
-1.944724036799534
19.281292288898424
11.746203172030203
-3.7195267556200458
5.802907952087784
-1.2363697414801127
0.49943531808229963
-24.623739210811795
13.847598236056662
17.067388155425117
-1.0710488888484742
-3.4113218428843703
6.044116535507625
0.8195436482630152
-1.5199514013734716
-22.334251798220706
-7.742592153082663
36.96626063892853
-4.4650241124603705
-12.231733652121807
3.0367387547585833
2.856238700466683
1.802712114968703
