414.24999999999994
-0.10473246936033576
-21.16317379532523
42.042321755227476
-18.999999999999936
11.37683395912935
4.436504807712922
-4.4581231035260185
112.68520702636891
71.65470573796595
-27.983541401160835
8.25470333697677
11.070920929224416
-2.6076472372595054
4.979650882355625
-1.9274645780145347
66.45181835385172
93.58233532541098
-30.031222920256965
-4.142682908125497
29.08180791847403
-9.348743531572168
3.8609127034739634
-0.31922952034862506
170.15061503579585
13.204466492248606
-23.92426295681752
38.14513789864193
-13.849722865377665
6.9113858255036025
5.784820825541228
-4.236970264018119
87.00000000000004
14.991404121590017
-16.058622723768575
14.787462683272086
-0.24999999999998979
7.258254117387045
0.4279441735364311
-3.20647735395779
56.1226028284937
46.12174657486836
-32.423655765324725
-0.5738955487350168
13.948517129671318
-5.651234553051795
6.415415194864278
-0.08842672656486872
50.67759206460663
22.52325217801079
-11.639087296526032
24.984820555859997
-2.3045494555296266
-3.8328643789147856
6.031222920256946
-4.658839343586145
32.72905088938475
-11.412745952253108
1.5369471504921686
-12.099459543927
-1.9193113906711865
13.369927026126554
-6.342457400300848
1.8513909164438984
