469.24999999999994
13.357408347429256
-38.17850510000656
16.57768706977516
10.750000000000028
-1.1324297932680665
2.5547501499711522
-2.2863806375924174
-108.74410693198847
-36.040495315191116
0.221751687164234
-37.19294685701173
6.088023928840933
-4.369224059454223
-7.262831596092357
1.9590329414400545
176.1629960380445
44.312560988214614
-62.40927124746191
14.580177003062783
5.68139250721733
5.381357378601482
4.159641071565645
-2.0617227091302386
-89.03909516351547
-73.40220553343272
-1.2705539516605056
-11.060765445067569
9.562116803894767
-10.221395231105058
-5.283650505376745
1.447199765990929
53.9999999999999
31.07403530279747
-40.00305052228449
13.296111212537983
-1.9999999999999725
6.111428701279227
1.4163152585328165
-0.13489200678592983
-48.959801740238404
-19.865354489935996
12.867003777180043
-25.89081261352095
9.582740522201018
-7.423623094803943
-0.9619623133998814
-1.2383617951634325
50.96480478624316
17.571153709441127
-32.09035892843431
9.684240334416078
5.223435572392483
2.997787064099908
-5.840728752538118
-0.7674559546470064
-14.50246715504677
8.789615559024123
-13.53868501863715
-10.794619678815124
2.836894597037224
2.725207866933345
2.9815572543146507
-0.47511614493736753
