346.12499999999994
-36.59690512464442
-15.037080917450652
6.0476626799619595
-12.624999999999972
11.38602574440128
-5.2718542735970395
2.5521028887960675
-43.03019983376492
-0.8527667023445078
32.50757460141035
11.412452265318963
-14.760387182442573
-1.0684146176842528
1.8316968391940933
-1.5476878832447283
-40.57625079943454
49.089715497643304
-34.63217440082881
-28.733518283674016
37.01768143722116
-12.058071457072781
3.4655438404861965
2.8592936888219582
-19.904519355232665
23.488870072966087
26.491688819799585
-3.030860486265453
-7.442557121743626
-0.345661008303463
3.4666546319333187
-4.019571530864183
76.12499999999999
-43.19982570825013
-22.731544276015413
11.070936659933366
-12.124999999999996
9.236042626892269
-4.249487595881388
2.338255085054444
-29.390175841902185
-11.351748812695472
21.974842431782346
17.233658950809794
-4.143895718121459
2.2254041345284503
-0.2626878000829648
1.6500353081342407
13.424757765464085
16.821770859252016
-17.784456159513788
-17.825366982977
14.567858834173602
-4.4685639621353195
-0.8678255991711892
0.9764040847510942
-26.525781336003767
21.531632075868515
11.078510473720034
-3.092750617483932
-0.07029929802504054
0.2837726088785817
2.450328602969261
-3.841776945918498
