443.625
15.96367131878857
-12.549638607077561
16.091579204977357
4.3750000000000355
-0.01614576887094188
0.7333626877263235
-0.18578490190720487
-106.28170452048485
-26.172955423777818
28.7466888503392
-25.282068206573705
-0.8843988775223217
-6.200055027993754
0.8924064458558364
0.252233693812628
51.15745457230092
42.08150784585157
-11.763009550107078
2.5822523573756424
-9.009816857700438
5.480585615364177
1.8836985644312776
1.6574933742925122
106.52125903926036
-2.6512491619255734
-17.172890961617565
4.702379568159046
3.657817198081485
0.09580999056483464
3.5325627710597534
0.7724057937693658
-109.87499999999987
-45.91026672967057
4.304363742709611
-16.36601932359728
0.8749999999999836
-1.2881126910238079
-3.0006170649462662
-0.23256398123218813
111.24798968053828
34.47759420623063
-24.69656924136809
31.985790121457867
-3.0925712731596127
11.187600562734058
0.26332577046987704
0.8487508380743859
-116.57592415109978
-51.82028382858419
42.133698564431285
-26.070683110405895
9.279248363455755
-18.858854559344444
3.263009550107096
0.3752838931616016
69.78712595421887
11.142213824705653
-19.29746200796656
9.70005502799371
-4.14870038581774
9.967931793426295
-2.9047193430866503
-0.7170247071152762
