370.37499999999994
-43.83070200746562
-22.29281815250439
4.464726786569834
-8.374999999999957
12.022943403624936
-2.5370275558954276
5.794144299831073
-34.885489127957236
-20.926300488486817
26.11066675034567
20.13888546907679
-15.912286540817218
-1.1125438470008386
-3.9597872151266635
-1.9271820019162256
-24.624564082209393
27.1145693059537
-18.841436674853263
-14.807651733264482
13.395428350016005
-6.23768471546272
4.865931611464914
-0.7429592213743146
-69.41842540799259
54.12046521659181
-7.317760574638191
-12.40614583096284
23.548302973360776
-5.384425838180903
5.173883040877658
-2.376466414031839
17.374999999999975
7.398168942309078
13.282176423406257
-6.1168582256388175
-1.374999999999996
-2.001981929947225
-1.5779858863471157
-3.6098074880321693
45.431693177163766
-28.69460139783363
-31.012936595357743
-19.996231376021917
0.84309537727985
7.946883556938392
-7.787146351678162
3.3790871879433677
-18.618863922408543
-18.15471221023188
35.6159316114649
34.568345034557716
-18.943171574992032
-4.983990822601489
1.8414366748532704
0.208959566638445
31.966523383599274
-14.538987539757265
-24.413354292871286
8.353921875649311
0.7926249444371238
3.2099532809422597
3.6953658973789154
3.38556276251125
