1018.875
15.755679911093011
-39.862943794419635
5.3218874615948835
0.3750000000000142
-1.2094589257470716
3.3877665272194193
6.664140866775895
-0.7401752218469193
-41.3283063489322
1.4848391285932787
39.47749409758653
-32.008705806515785
-3.945051889030205
-1.355254801657577
-6.283134671391264
-126.39739363346224
154.3673458168659
-37.74613543150771
-32.78388348241461
-0.7033499264379941
8.979704832456505
-4.735466286290421
3.064442633238471
387.07997635296147
94.61604847933937
-24.613816441574684
-20.395362701029782
2.4893191325070383
11.840472145191967
-7.648287976561081
2.425227693136973
-30.874999999999716
-70.82287036952236
28.571449451013848
26.89974666572641
-18.374999999999964
-2.9070298888032546
7.242480670886202
-4.032535079471804
-0.9996001881903389
84.5501690512792
-30.198483171017706
8.057616742360224
19.45273817154574
8.05006145768426
3.34934663891279
8.578728904672433
38.149117062752836
-26.709943470398695
30.01453371370951
39.187935768689215
-17.70343325123627
-10.103213696285305
8.746135431507764
-8.709093221542819
29.554734759348584
95.4340099257771
-34.67013586477837
-5.0176285363029685
20.61005872087079
2.002097353170331
0.5589622284321525
3.173607592277696
