421.37499999999994
12.818933650863883
-12.89269387249741
14.817095845087195
6.87500000000005
-1.252040202404217
-0.7481274691319086
2.828163026385516
-72.62084115244487
-22.673705575797122
29.728438300531142
-13.417181985751226
2.2967368273240356
-2.5225145681011787
0.29708631698809196
1.2377256074788758
-106.14916731083164
14.839566504266394
14.74156294070037
-10.727992292403199
-5.1654014655310725
0.4239165307913808
1.9891459427308371
-2.2250525503267804
154.82374596494128
47.83674106066021
-9.684037293533807
24.672159736227513
1.180608422131268
1.045798851876012
0.3354273215999819
1.6443751523755927
-21.124999999999883
-34.27687167505643
6.336665405370889
-24.990247991297675
-3.125000000000008
-4.510031837333381
-0.0540512754305853
1.7119247446640333
-35.300802700283796
5.532401542921054
-13.75230461880539
-4.806491880246464
-9.021307865397567
3.9301309958949107
2.273522189986573
-3.2499382113337374
103.36469672580225
51.007632217481614
-31.51085405726919
29.88296165160606
0.9218881167959205
9.153278649881702
-0.9915629407003603
-1.6246327939551182
-98.18725449064308
-43.114565124643555
30.36035312006559
-16.390806159904862
3.6755500401058474
-6.59395868104789
-1.5224253969535253
1.0714148436746833
