379.24999999999994
-35.36314877281115
-7.615207024674291
-1.048639858430107
-0.24999999999995737
9.676946032528086
-0.09285457097831085
6.089316776361306
5.1589689922215065
-33.13733046291286
24.321226861022396
16.6437645410454
-14.670758814160834
-4.651546790736041
-2.0047703091994418
-0.0721541673795032
-20.140807117609636
-18.167723249221794
4.738961030678943
10.046771435767488
-3.5381720065817968
1.2805753162693616
2.1700487116513467
-1.337963329005239
-33.15832527042907
23.079714223641457
-37.9151012194383
-12.243935946624463
2.8325829821498782
-3.259269685631013
1.722334685145455
-1.0014339088879214
-82.49999999999996
43.48854137799134
13.280185007690847
12.475844658586045
7.999999999999995
-1.0149719596162683
3.9700990115490633
-4.323760029275097
10.772687939533254
21.434307258594444
-5.90306193906213
-13.675638740841979
5.262339618907084
-0.1797924214672364
1.0920134292912465
0.5641027635129878
12.130968166277784
21.68010987477611
-18.07995128834866
-38.972244572584906
18.242637935667098
6.368503673905696
-7.988961030678936
3.1851760382188896
-27.65383696261983
22.011476777409506
41.925606660813806
0.1671582508645293
-0.4220085321856394
-4.289108808661122
-6.256385160034316
0.5610588310045592
