396.37499999999994
9.343085713537235
-2.242049318760003
13.441900076852036
17.124999999999993
-2.7099902226729498
0.7933882103030854
1.3192894551382413
5.291927987536766
-26.4407618085959
17.87540768817795
-4.853041239192138
5.022673942130169
-2.996255197111789
-0.4537453972582499
3.5041718197233025
-171.40465819194094
-27.001036002223156
18.37176676074317
-23.237009805365524
-12.823052944263686
1.3125254780862594
-0.043970965232348114
1.5303569821911234
-1.4236711142882186
35.90476305507162
2.3229112437858674
17.55758019613173
6.601129858613618
0.41352711744459203
6.739205820094734
-0.28532973790486116
81.87500000000001
14.06967845091155
7.14166043704634
12.015320886490263
12.125000000000009
-5.415647388142819
1.2360971652450514
2.2157336595196013
-27.954569740376442
-45.65274743184447
15.492423007223763
-28.78532751649418
-7.115400976185862
-3.4782602370184996
-2.6221147526521023
0.2062782452366263
-31.964423975787557
-12.196685975983792
8.706029034767612
-10.732298231925203
-6.459532737637548
-1.2678079407877645
-3.3717667607431627
1.7311855411719275
95.31630599935923
57.80531718578455
-25.15680661609804
26.694740006946795
3.123523652681391
-3.414964069442778
2.463844117066676
-0.13855815051732412
