370.87499999999994
-30.300395345207683
3.901282954712997
-7.283865649418615
8.874999999999993
3.940642351918278
5.825482066513018
1.800050271409198
54.36241985761354
-34.83443173436916
25.663411771986034
13.21577337750838
-5.091528437034745
-2.5565355834465358
2.527824182226471
-0.8757297693596877
-24.983550673352415
-62.88292517157559
45.97836847854137
25.40223774222497
-0.17575206337947158
-7.943671438950549
5.084708691207984
-1.7521765813126997
38.09478875929519
-29.60019358897008
-28.31517541086867
1.2267811140615668
-15.445426186420308
2.062835554847533
-0.5965027702261023
-0.965715920924842
-5.374999999999961
-2.4242172782219993
-15.878887828958323
-9.960193428907747
-10.875000000000007
-2.211798613857723
1.8417848178763703
-0.6805617815083579
-23.871580724706874
-3.3094103449222505
-0.5881727041498195
28.653825812517248
-10.895855100442766
-2.665228107914702
3.26327269042907
-1.9979028568476451
24.284325103902518
-11.294198615881985
-0.6652913087920287
16.780460678480647
-12.51001044013224
-6.084508074765848
3.02163152145862
0.7092103936717964
27.39478983881828
-24.284739511689928
-34.02862077743529
-20.045755148675884
-0.7797369587640075
3.9908996433554758
-0.27838682724200403
-3.7271212717777154
