410.12499999999994
-19.340723407341166
21.091541451376088
16.453697562033057
19.125000000000014
-2.321050817417486
6.822985358688797
-0.7158754925532271
56.36921459709857
16.941255522907873
2.7701713991808
-11.502117287895281
19.935653177944317
2.6730253569242297
-3.6846846644871256
-0.9100603340175872
-56.64448892885997
-68.8662496562608
6.697145558284418
-15.985438073931892
-19.240966099240516
-2.0943213180113065
3.052223112480191
1.0223561762139928
-142.6402180314613
35.50733427534741
-16.534175326059525
-14.369548481374231
-4.80982683900293
2.478281343691652
-5.824807918371876
3.1378990031616274
0.8749999999999565
17.90022840098486
7.652843775904141
33.94226349825444
3.8750000000000204
-4.011062900123917
5.083328844527472
-0.32163056274132695
9.13975264590848
37.1329162770097
0.1368060584757247
10.924087650425559
19.533348393133046
-0.9064706188399265
-0.14699382772367775
-1.4675394588054838
9.25651791918867
-52.31367646078101
14.802223112480156
-20.492772297804486
0.2578246843830474
-0.05683028112505362
-0.19714555828441505
-3.4887451838932035
-56.688246288053804
-54.96425402728374
13.867719926067295
-34.69815162277129
-4.867863874433159
4.727067431933415
-1.487591782977253
-2.1652364226937513
