347.37499999999994
-2.581528676705787
1.4234560499967586
-14.214574412412901
16.874999999999986
4.023534016205694
4.416449125001538
2.297881194874469
61.065162602800136
20.313493966395015
-3.034586735627286
2.3825792361523384
5.045785961308047
2.9792422346910077
5.295646104489654
0.8087671392388811
-29.26037626896656
-41.00502249743208
58.201086719856406
13.53124299538452
22.89005694379653
-2.339725032546756
2.157931995911346
2.7571660877250905
-27.45999374544845
-17.97225014250038
10.995847006712498
14.86411716143506
11.378478788417304
-5.698925951481369
3.8991981735469623
-1.4942559459235494
21.124999999999996
-1.7254155927089485
-6.089280998042361
-18.155940425387026
-2.3750000000000027
2.240427536882388
1.3045715491609706
1.747212853150073
-7.943689012723754
-2.7379771011100917
0.9244314102180056
-26.057683162117485
4.637035193075638
2.630679018522113
2.8739767463491175
-3.9042306578398245
-18.051637892404763
-5.112139421942907
1.9079319959113397
8.298307796245954
2.0190450984937236
-1.089381874528487
-4.201086719856401
-0.33118016629765745
-9.673673793478962
14.450009928602793
9.836935224388107
17.452738280648486
1.7336865669381845
-5.3851877168140305
2.8948933501560483
3.191709853647817
