401.12499999999994
-17.60289757039746
24.931974012114665
11.071432458678132
8.625000000000036
4.120516884902251
9.56179490782121
-1.2329724409972105
89.14580780839883
24.789811627066964
-11.872257454755964
-5.598611818949959
3.210273000950836
2.9673999201053203
-3.1274370336850654
1.2203743224855743
70.91936094161352
-41.485351211335875
10.180902768920504
-1.4508271306576503
3.9301291716836424
1.3727217093758632
6.1061553006146845
-0.2716643852707836
-40.12951004564284
-29.53679147537888
-18.166856972053903
-12.467591423812703
-22.048342683957944
-2.771035837696775
-3.599114131783277
-2.0995555751948256
-61.87499999999999
32.63272865696277
-10.153884323364913
-11.436426363241303
3.1249999999999734
-1.0872202397491098
-4.588560029870389
1.954130136270007
-9.155813536707688
3.6979051457452714
0.7660363253280504
20.424400644933293
-11.424834704802198
-3.7456120117837273
-2.9801629917097987
-1.1958012177091164
-30.32285431210498
82.7699355437053
-2.3938446993852978
16.276384419828723
19.614034125948724
-0.18342178672484266
-3.4309027689205216
4.605540775677118
26.213182793504966
16.915810805115655
-1.184064583218631
22.19160982222497
3.4424386876270208
1.3030386104995915
-0.18743987182397337
1.423391808529463
