366.99999999999994
5.568126275974777
3.226779245245652
-9.625300298079658
-0.7499999999999858
-1.0966969137725613
1.9106008747123404
3.4672496053656303
40.38591847948804
36.00835581822074
-13.330013764211625
-8.493294951023746
1.8619412909756181
5.172724874090047
0.7960254737772581
-1.2360139822707221
60.782374340926836
-13.588444282080715
13.281854249492374
20.038947471768328
8.198847578878794
5.114275808531267
1.8269029611437126
-0.9727955777580104
-61.47423232968385
-38.689964106730656
28.056630887867627
28.365889442301825
19.70873765524829
-1.6010416485327599
2.2369066063726546
1.957149009095068
8.999999999999968
20.256707796392135
-7.575578857728981
8.179311240812897
-2.2499999999999787
-3.374376935297726
-0.650465195325151
1.5821621838571103
0.37277352161380883
11.555414123828472
5.123806352224527
-5.038225983915047
-6.232506799191582
0.9824601282486173
1.9630798904777567
3.250268555856581
12.165647104837205
25.24511448239638
-6.42309703885627
-17.067528979627802
6.074857889557029
2.5582817058032106
1.9681457505076139
-1.5910568653200252
-0.08595316039141021
-10.173198317653005
-0.27981998480616266
3.8870424633227145
0.5046718375232565
7.494141916052713
0.2518236127801454
-1.3567053887711849
