390.75
-3.882423729031899
20.57836669680288
0.08562686290265731
2.750000000000007
2.462593588363873
8.523838577302556
1.266920221303863
38.737998409569144
3.662419163735163
-15.31130440463891
-27.7716198902685
-6.09651448352948
-3.4562941385198056
0.053617328830894984
8.975579469974784
110.20759624164515
6.58169449235735
13.644291116568823
-9.136031432123731
9.615846183251875
-3.8114310149732997
-0.11611652351684398
3.1862069168898186
46.73346982671378
-66.9201691820146
15.710332510269119
-9.345706295451969
-16.364421639999424
-2.6888355672527293
6.165639081486514
1.6508497314247474
13.750000000000007
-4.254923629213117
-8.786470964514102
-18.919620541314483
-5.750000000000012
-2.9258445913584956
-0.9606914123435213
1.6226573604594567
2.037118675867421
-9.017859089308633
10.755352114081566
-17.06015591081239
-2.272701917979653
-0.536021688193312
2.8064019427061098
3.0491309079916733
29.576776880493757
-56.70346468739855
1.8838834764831809
-9.067815086282941
-18.595308606743814
-3.0706860231902304
-0.14429111656883542
-3.255459373773843
-28.214808606054525
19.10425912641513
-1.0236993119595548
-10.013005951486496
10.81656329581837
-1.904610532384663
-1.4594445864615437
2.7193088199101334
