409.87499999999994
-9.65349873264715
19.184923408094505
-16.48431319529132
-4.875000000000028
-13.400310448937859
-1.046405191857879
2.906296710662012
-63.92862355643729
55.77292032621202
-23.734719267418097
-5.395868952172339
-4.076840750915409
8.179723535591936
7.09575185539518
0.7969546655652859
142.8924093921062
-5.878350922976857
7.757805730064224
-15.43307035753735
-9.69194455710927
-4.393811987081982
-5.001077746418964
-2.199838510977303
-45.325141595485675
-24.091775598667322
-6.352734687701989
27.76064824946971
18.331543722841282
5.255253273310212
4.208272721777803
-0.4168975967696853
6.374999999999954
-39.80021344405651
24.345517170797123
2.2162774925902795
4.625000000000002
-5.934600435145662
-4.266385318559615
-0.865529640480597
-33.84177346074582
1.5633442061763798
-4.935135786793881
16.634825764117622
3.237423582004829
4.895313165655592
2.7492660743218496
-2.0887272714623717
1.0200922108853314
-25.491507652233075
12.248922253581043
7.732582777727687
-4.77990174605294
-5.232147220553638
-1.2578057300642378
0.7143480787527996
-14.289314138895758
20.176527156372682
7.396457128151002
-6.682771862796917
0.20115362267020132
-3.542315561579054
-0.0015363040019535923
0.5711182586626503
