729.3749999999999
17.776350777112526
-7.069203221699695
1.2440736466057842
-30.12499999999993
25.666199830505505
0.8986744740512265
4.403103459088786
-84.85431599855131
72.16500304402076
-49.87332540219785
4.711590090019367
6.6182133190628
-5.888146652135969
-1.589071616745418
4.444762508133792
300.8376308800235
51.62530620320737
-29.605523971379263
54.93655815034205
-15.183161892461747
5.775981753208063
-21.93636809409502
-1.157736606665611
70.4211289898138
-17.14675071597314
-10.148282873009565
14.262008062767443
4.346841852992604
5.770171939345122
-12.79543502673077
-0.32984861902510154
201.87499999999991
109.2590345912964
-61.58372821409163
15.248145317146545
-17.124999999999957
14.307241868382409
7.784643167987374
10.084530464264503
88.69886056538354
-58.50987898017378
15.62102070799085
-27.055729868459387
-15.923279239062023
31.295603781807504
11.90915736290544
5.979773447629326
73.33144684577466
85.16610934174733
-57.43636809409496
28.08789535871052
9.400949151404685
-5.915660545770997
-1.1444760286207512
1.5918332105565192
7.97240757994145
-67.38113929967074
23.47419278076989
18.76162248853344
11.6700855456723
-1.4486823107817095
-15.080066915194877
-8.222614888595633
