350.62499999999994
8.94193800285175
19.303807908930317
10.525549217037977
1.125
-1.884051693561993
-2.7192370648986
-2.89696524812668
-26.25215050214286
2.5313092510205832
-27.01233007423557
-11.472863503953755
3.6345951540253214
2.619115799455467
4.88368623679335
5.13211922307242
44.15288442864379
32.946856142405366
-19.152096846633086
-6.343366960909794
8.873351288346134
-4.25824387616212
-4.907931995911348
1.598341506772297
39.38495688249055
1.403415989841946
15.619765875694469
12.08745001056024
4.954672020242617
2.5732025911331835
0.6797845678289769
-2.7111464249480064
10.375000000000018
-39.27287569849708
-7.3069722233712895
-10.169496035340302
-9.624999999999996
5.781615380781246
4.244338220132821
1.4081932915290463
-6.4787921359001315
37.33551509571258
-6.8985506435351
0.22611567905356367
6.164401825570255
-5.478692799924141
-5.542984738316046
-0.010797572531155097
-13.28265962188385
24.760268160372114
0.8420680040886728
5.473960118397167
9.989739081357733
0.5461093128410592
3.6520968466330768
3.552558981470985
31.501785946783937
-36.714967689007196
5.902095991483438
-1.2049022370823739
-11.637379145282958
-1.5972321747183127
1.1269524158664357
-2.6400664616566965
