424.12499999999994
-6.67235736498111
11.523289097931098
-15.594384985544664
1.8749999999999858
-4.395701983157075
2.6683437495010374
1.9773993506290815
-98.6687039918914
53.04319821535722
-18.17151450881289
-21.089451167049404
-13.992642017528045
0.5968119770153777
8.404100468505874
4.613099525832489
68.80217037083558
34.66934490220302
-8.059582425360869
-14.792488217395817
-11.770673505259671
-1.4691097563297468
0.5979031533668986
4.024916842276082
93.6152683778275
11.263268214026809
-10.22148614732289
-10.480762086675504
-7.172298688860618
-2.2740044444974385
1.2711325360754149
0.43801434474431655
-37.624999999999936
7.6955599984606025
-29.76311074648519
-6.9261224231201215
10.124999999999991
-0.2316589323232554
1.6396611517191868
4.176244560501779
72.29746879847568
-13.913780913264308
32.72019792998587
-6.0981205835678605
-3.050613409826177
-9.856810019685465
-9.505276970573014
-8.666556808474784
-47.84655266853101
22.99763582841799
-23.402096846633068
4.098189277100371
-3.918864023231489
2.025811717290301
1.3095824253608779
1.4816393506951497
48.835764399068125
-26.211016613237934
3.9233266808190823
0.3330130454861706
-0.946233962012327
5.386315401470592
-2.973796172889811
-6.205626108996244
