343.24999999999994
27.466175842963082
29.128235203963104
-8.822116566797668
-16.49999999999998
-6.00234978761091
-6.112152967866862
-1.8374549987501752
-49.18195656432918
-40.840209142746886
-2.609782561736793
18.233483185354107
14.103542958328433
12.412051010140177
7.619257135519184
2.070143490684084
9.178769802536031
31.724575057524874
-23.451271631908302
-12.767841115797138
0.7365206477595487
-7.350261193026264
4.58210678118654
3.7052612977755355
8.585608633592805
21.991078201550028
11.308157637241406
16.410011627886437
8.920275561895032
-6.047323987323966
-7.896400068150548
-4.5384877002841275
44.25
0.848374224022626
8.994227204897376
-7.720840315328122
-6.999999999999993
8.761929849771787
2.768822310420812
1.876824794405681
2.4845768319516726
-60.205045821202184
-3.2219125549672505
-8.349732011856025
2.5461000334416504
10.897230392584662
4.632124689776684
1.0226709459107641
6.480754964666618
20.11155404850486
-3.16789321881346
-3.9012890242716405
-11.94079299441305
-9.632747276025386
-3.2987283680916946
-1.24249241048755
-32.005848697719976
28.767735466152025
-6.1444545569584745
15.056356245499078
17.934913842618585
-3.0229832931595704
1.4376268786730924
2.0329671222758052
