398.74999999999994
-15.802879369152592
29.698277521079945
-11.135984858172606
11.500000000000007
5.131402710404842
6.369836126692405
1.747155146577306
-83.28990695298778
11.708867341103472
-5.551064170346347
-21.3475574376761
-9.41211513758956
-1.8225882937688205
3.479303611194376
0.8705877013886085
-91.39278304758852
22.119479674993656
-18.738961030678926
7.974729005185363
-15.491396693764763
9.552149997988273
1.3832521472477843
1.09107594581966
95.11535426722634
4.437680494485262
7.005976996165372
-0.35725144150707777
0.9469118465431023
11.51299831224802
2.9187393237881425
1.1898209654319998
-12.249999999999915
36.42842390793324
-19.767739090901383
-20.51411872785865
1.0000000000000009
-4.2536158811571045
8.458663678977244
-2.042698298526821
-5.372897062856483
3.07274216749153
-18.8467343045119
5.793328398137904
-1.9311011787500751
1.8771738873113604
3.5134519522404513
5.178165688766637
58.96277814703461
-26.33252081132131
25.133252147247745
3.9095999844274516
5.063756360293588
5.368025721786488
-6.011038969321076
3.0734305639004305
-72.83795548705774
7.650917787278493
-4.969638087000609
-20.417896900512602
12.536398798261935
-14.610120570599637
3.16011689110789
0.7712102130922844
