347.12499999999994
52.55805400699042
12.985548443475551
-36.67799954806679
-21.375000000000007
0.44943083093551905
-6.8670795555425315
-4.075637383096593
-5.758559088573131
-28.641208173236116
-0.5185967974864845
-0.1984761294560311
7.284698140781241
14.292753335528591
0.4734930416369698
-0.8103718878727104
-41.09423325683616
-12.478049069972984
-13.625446417183515
4.555198321414572
12.165788630394681
7.08722336447432
6.749553582816485
-2.1109725370409453
-36.34175621791023
5.884104738995893
7.351116978669541
26.22937392623311
-5.44318743201363
-28.275107362814055
-4.3556516249163355
5.8847693902731235
-24.374999999999986
24.98663080441954
7.171673198334769
19.9199681292325
-1.875
-6.88395138677916
-3.917697478913726
1.1882188680775982
48.12142788960868
28.555463272314146
13.674356345567588
-5.986525129676364
-7.930834500626557
-2.962869631737587
-2.930094950386748
3.1068229803109118
12.82751897417192
-39.10369164358592
-24.25044641718354
-19.31991486842342
17.285104483356744
32.146469103652386
3.8754464171835252
-6.163216131045584
64.9221181885387
4.478210345264948
1.269409258560259
-36.51547157684361
-23.45941703668995
1.3612912079567616
-7.948984969156347
-1.1252961212594221
