408.99999999999994
-33.51987040690635
38.719701200152656
-11.90862648818198
-5.499999999999979
15.36196718984332
-3.8613131148476754
5.170867154293585
-3.6532185596778977
-31.199107548451185
32.60506187143652
-11.037162479991483
-0.16777262676111349
1.87795742343582
-5.04412723087298
1.197049864608294
-124.82435697550088
2.319190309847748
-15.615485194281371
-0.749319991011788
-3.095463051639914
-6.178218543262023
-4.792261889578015
-3.1339906800607524
-12.281041173406589
5.754534257389908
-24.99442645498951
14.841651268177342
-9.445099419736396
8.435715615377353
0.0018440552732394977
-1.3289692906761745
42.25000000000001
14.918657611612918
-3.840432560738578
-5.160639171777927
-4.749999999999993
1.7059389516473111
-2.7388095491324336
0.12739976227398442
-65.62171862935308
34.180367188431546
15.150217856468256
-18.955527173986553
18.35588456813074
-15.169185558556517
5.538766110399966
-3.9283390923165915
-28.934277348030392
48.857388718210494
-18.54226188957803
12.08177680361479
8.858928179860825
-10.022730565651072
7.365485194281398
-4.566037978427395
85.4180605374666
35.30580707524441
-50.47444409732059
29.804915926270716
-16.611696211358478
6.611439622253135
2.572707827647058
1.5266418388303191
