366.62499999999994
51.39483575778122
8.498633518842631
-39.282916213070976
-10.125000000000028
3.618389243398596
-13.126480042738276
-1.58685554187986
72.13651525089817
-8.260034843411693
-3.1788316520813957
-21.177463703388376
0.5414287797950994
14.280963560798583
-0.44048291666668415
0.383548005790618
-2.168425559095506
-37.28868681300238
-10.741562940700362
-1.0768867608977022
26.09877192204621
16.596050221485903
-5.6429518650182535
-2.7738800057388806
4.20541289626098
-19.476578619548555
7.5793258540280535
8.508148088523965
-2.596317461811288
-8.847880919900536
-3.8208746421832145
-4.016037957278341
-67.12499999999994
-46.271102153805685
-2.7640146075923813
24.227026275440373
-15.874999999999979
-9.344456462125972
11.292319214803307
5.559220876042872
-37.820642173753114
4.240018857064218
7.545660158074762
20.43765298603218
-15.379996161634061
-11.619060791997981
4.504268406037981
1.575829404983509
-16.014186853994914
30.87776014008468
44.357048134981724
34.32468600231715
-24.205068770012033
-24.733334921071986
4.991562940700343
4.613876968615273
-59.02795266137747
-21.83091808827662
-4.085953061748853
31.166628414669372
23.145932873445062
9.098555396825724
11.318582383736503
-2.6290524531143005
