410.62499999999994
-47.29543636926864
0.5324055658869042
26.893603116316037
-24.374999999999986
12.053198119771999
7.4915148210099645
-5.41144390602596
40.44228775074892
-45.913453949443436
8.170433623897647
12.57533429080561
-19.48884857899366
9.51109260538757
3.116182566193861
-4.3123911724437445
-58.5391584778492
-26.332667616708815
12.862883284259983
3.349885095345117
-6.435152550575208
-4.520454798614848
-0.5446022944677994
1.3114971747808983
-71.50473463624775
7.36923858590939
-10.433288247771394
4.311375429796865
4.375438826464295
-7.4493513444103225
6.625056496653789
-1.7077851312435328
27.124999999999986
13.923672262247509
-36.98320264602448
21.89323513785864
-10.87499999999997
-4.796832768562109
14.913047040866214
-8.2912906909841
46.72923737755782
-12.77229242295219
-21.10563235103918
16.176279984825136
-15.135547596136925
-2.201725384793713
10.958178941357179
-7.671499140066175
-31.901382018734928
-54.103079478016404
33.95539770553218
-2.543285894562806
-8.023095515499328
9.09476707821559
-7.112883284259967
0.716274568239061
-75.13361538084855
-52.68675984320835
52.20113461509075
-11.47035487941198
-0.8018822270126655
9.055411845001329
-7.660005588498865
6.303803904440261
