338.49999999999994
26.915503224467948
9.69393597282464
-15.385910858581418
-0.7500000000000071
-11.597085272098049
-0.7681831518432922
3.1562709669999744
45.690537908972466
23.445708184946966
21.882996390437427
-41.01210974375857
-5.801717323587599
21.046817440848265
-1.4849814128619325
-0.6053263113778908
0.6997087679272758
-33.907570387631445
-18.26193180368812
7.965272417633046
22.36046766502262
-4.534066081861002
7.579058453981595
1.8690987852728438
18.144482503968653
5.0188466369456695
29.483363946466536
-11.010764198425083
18.075240360096743
7.643460894758902
-19.16661817632266
-3.4345137991960826
16.500000000000004
-37.06974569750819
10.505730123043968
11.528806963443152
7.250000000000006
-16.635296542491027
-2.728027599157805
-0.2499457243496246
-42.25736800260424
-45.53999011085306
-8.236290331144325
-14.76554884757137
11.479810788895126
10.209618832363853
1.5591349103385244
4.367196207496125
-3.537005462264124
-39.90692810621836
-26.670941546018412
-7.478035197928312
2.373707185285822
-2.8591309374100535
4.011931803688121
7.524710572728527
27.151746716268498
24.985663946291865
14.915405290856986
-16.395167011398705
-22.56855569754255
-0.5376058337094503
-1.5213816696511984
0.8554371811142623
