384.99999999999994
-25.46933061033713
-12.59805730828208
15.161430705285028
2.5000000000000284
-4.4236833835981315
10.089051097959615
-1.9040069726401256
61.2123902513971
-16.062037076904446
-25.056256200774346
26.67361489825952
-14.23013711828531
6.010438088765606
1.8715679173416544
-2.6722523137138525
-30.42071673327432
-32.608165081652224
33.909902576697306
0.02776631037645405
-4.809089635943707
2.0434179835343125
1.5294372515228747
-0.32982898792772075
-78.93142753199693
-10.0942923412033
32.17071490988433
7.482587160582095
-13.330825430508263
15.068114479122897
-6.969105321277192
5.8169349670319
-78.99999999999999
6.4697919728986335
31.893074682953166
-19.979143095331793
14.999999999999964
6.492152259429131
-4.010210376971821
3.328301675638909
-19.608479139142098
72.54450074670535
-19.028133619678336
-11.632895647653765
20.886825838583825
3.0737620255219387
-2.3649402686778984
0.09809581422185154
44.80184140673101
58.97989159856162
-35.47056274847713
-18.350487106726632
28.240001006966303
-12.014924294072728
2.090097423302657
-2.774177175037071
35.57745878111035
63.62673755950949
-32.32100947909409
-14.202826244190733
12.694794103284183
-6.687820815477741
1.3592154609885965
-4.494312109199588
