1026.0
7.282973693307184
-92.74907278354453
19.644935983237616
14.500000000000014
8.126920469958847
8.652138336432444
8.745738852267468
-80.50836240706288
-105.81091398571817
46.01714296772522
-1.9112924950620886
-7.798425750314067
-25.391876227787535
-8.04079946288288
-9.823798980899422
-188.38585237834576
60.49385957513543
-16.861805537840965
14.722373614554009
-24.40753410908932
6.964003601329061
-11.789475067504704
0.4729321747428674
-20.102993186043093
73.49064005086586
-24.48804160652658
-39.43275385087695
25.7774489698158
-2.2728736399760896
13.518708448017524
8.931900971915281
285.4999999999999
2.9810300026555936
6.480754964666637
-2.382639037280299
-26.999999999999936
5.211412251554808
-9.178769802536124
-5.174714840997602
-192.49047758352177
-73.71617221937717
33.63075745546011
-33.8383678076949
6.229861518454082
-7.6083536992024285
2.1449437590198723
-7.076116775323832
27.971335750803
33.21128419484612
-50.78947506750471
-7.804809126633474
20.12205950477337
12.149248674658782
10.361805537841018
8.718656497610372
-65.07545072577275
-70.8892931486183
76.53718894273604
-12.041366946022752
-17.720651959966467
-10.127021247600211
-15.843879425403864
-12.647978464202474
