319.62499999999994
27.312700715178103
1.4998960967742931
-7.422517844501392
14.374999999999986
-1.3924017109728268
-4.544949031494372
5.212612201808913
50.58040732243667
34.250136916260196
1.943533244496068
-26.710553888975426
-22.14345318512833
12.62770942620177
5.5643465735293605
-3.577423625080529
-2.560724397117463
25.182615935591873
-13.50932989366671
-11.71700816598658
12.269425151347548
16.220793161514287
5.882174400828819
-0.13625032439025642
13.247024829888709
27.91335551931823
-23.71859690306207
2.805432508302883
7.530258756190917
-0.7817749614435918
-3.447445363700732
-0.1709762637005754
34.87500000000002
23.565074382631877
31.634083454252316
15.424971490135352
-8.374999999999991
-3.4318055543355097
-4.308829772617941
-2.2732651642012875
27.36517621597939
8.251558881284675
-0.4294922458953767
6.20781739847076
16.163456321555806
-14.864830021611867
-13.40235759336096
-6.694139032847033
-21.53425040631807
5.199576211756711
27.88217440082882
3.8520747165055607
-4.676265225100069
1.6707216608507653
5.759329893666722
-2.030885537815607
-13.536002324213328
-22.58783126516618
-21.858113137494666
8.979785125963486
24.137996268207473
-9.79113650655951
-0.30699278561930277
5.309260597048793
