426.99999999999994
8.676424838587465
-29.177478776565323
-3.8940345893901096
30.500000000000014
-12.676270680089623
2.073579572401691
3.639135650408404
79.82208027954891
-46.77011442080772
-35.87548843509377
16.05990530461918
15.735493119816606
-12.57784091771258
1.5109733595255115
3.7075081026541814
82.11600929832551
-3.6393432802909
-17.07995128834867
10.067039111187222
17.47163849671086
-16.65502969677219
1.460786437626874
2.560342277473818
0.7948715516053664
-68.4133704996108
6.817466353532548
22.564185219349167
-10.388944859312277
-10.482990183022345
2.170766328164218
1.6232333431944612
1.2499999999999896
-48.66741865806164
0.6204524340367468
38.68670733442453
-15.249999999999975
-3.7418844541979928
-2.4217842135701932
1.6414437282373018
-75.69301442030121
-82.05915502010592
25.303017632853194
30.233631403882796
-13.530671163981824
-8.938923714217545
6.901671941566576
-1.22744882269937
-27.789809587640434
-27.778822578074703
-4.2892135623730905
33.373726761243354
-14.001940874044951
5.724437961603819
-1.1700487116513276
3.2367770249601895
-27.83426390314201
-58.57587031044067
4.0207620550035355
17.891919240801155
-1.7349405864651226
-2.5041730184693627
4.464740831982872
0.6448529156761003
