350.0
-27.10104139880491
-18.004868933995517
0.8747453169687347
26.250000000000007
5.178212221034933
-6.883835752663352
-5.46163839196897
-31.102971314883508
33.494326510199194
25.462488012277788
-18.660155884540757
-28.27008046883596
0.37867142943208876
0.23572531293909282
2.947389089419547
50.359200037363976
-40.489089780667584
-20.99264068711927
-4.656022456561516
13.65606932151211
4.352055297135847
-0.5918830920367988
-1.1497122647839912
-82.61671835768259
45.26193712429655
-20.13226609130806
-44.385080266253546
0.9087091133910796
31.215609316515582
6.718791220367557
-4.0612531264336935
33.24999999999994
-24.6252476498531
-29.54374768472966
13.689782236121635
-0.9999999999999816
-2.4688129016531954
2.495891171712195
7.243411031247653
-21.622495467377703
28.096787032366414
16.5743662033661
7.086929660075273
-13.395456736234749
2.951314082179965
-0.22101893799510908
0.8312192674279477
67.35550067809419
1.3883981401872454
-37.591883092036795
-8.127891356517889
8.143971432050556
9.908917828798806
-12.50735931288073
-10.759457243699224
2.8152642781989408
31.318709432979198
31.690427567181388
11.052046427436522
-13.889331764359365
-1.695689790473486
-6.772309839509819
1.4394396738743673
