411.74999999999994
54.00768682092459
-26.151656653159087
-32.44570912984187
19.499999999999986
7.694953124928972
-1.0739433389533772
-4.728469067231842
52.95873036853807
17.78693352148382
2.88085471061064
-21.363683966621686
0.5542970857483525
7.165395418801616
4.322836939505544
-2.18638180834452
72.23354789643136
49.327885660610825
-24.7708152801713
-25.60558417638636
9.796405949459777
10.571691455273273
0.6923881554251016
-6.674743460738032
67.56027829436609
51.980735451519664
12.367835121430334
-28.653321314495393
6.158930639786275
-2.549145486749794
4.514591652163438
-2.1970206807609456
43.000000000000014
11.397089848767495
0.1420981435804105
-31.83126471866548
1.249999999999985
8.114362725010157
-3.5766336292093235
-4.545222431997024
67.90720860791279
39.01808849262644
0.42093304694833034
-8.096349691239057
-6.0515844711564455
-8.673843151779923
4.149830802659191
-4.199982405348964
-19.63738929425075
-1.0522309908560854
17.692388155425125
-17.925854211882086
-3.787206156705638
2.749317508289983
-0.7291847198286794
-3.1699698267295493
19.018877296563065
33.76641398716623
5.247432006216895
-7.484677561932985
-2.741104431336159
1.315248221512815
-2.8696777821816157
0.040230944791545875
