411.49999999999994
21.100214078804797
23.25715072335852
-24.941439110295214
1.000000000000007
-0.02151175852290521
14.990995304881537
0.2830515505873361
-105.29340863119722
-35.44869904755825
28.628941451837193
44.3557384300272
6.699444759616513
-3.2530473050907913
-9.027604419022119
-1.5314077498902496
111.93385466608157
9.99400010432364
30.883252147247738
-11.707336214073345
8.965380987926723
-7.794673154439629
2.9846500450031286
-4.601864738131966
-52.92441288595671
-52.1615935136018
-10.483977165504092
-4.844943976343756
22.594311196928697
5.236391814576164
-4.836890342818997
1.3652664292838912
-27.250000000000018
51.64293923997375
7.588010550498912
-57.48305710799463
-16.75
-8.918017017437663
13.092826122939115
10.760991806152909
12.068495488792347
-88.77301351314331
-34.853478260261554
4.682198121309986
24.88766623643476
1.5174096859646387
-8.082694411884098
-8.336584540164331
-87.76602235257404
15.093222127954325
38.73465004500315
-10.481413543746438
-11.019729749014804
-17.126960412510016
4.366747852752253
1.0611291072875026
31.883083855510044
-46.585601443156406
-43.32546311585048
-22.57196166834666
-8.7517775767563
3.2634855138866525
12.811562527978994
2.776233337937368
