371.24999999999994
-0.4938611153486647
-14.920187832330221
-8.535650007106916
8.0
-0.48689988930753003
-1.3966012487416535
-3.2460296752670956
-16.57928044036057
9.508661124550317
-6.096195028239546
6.144463530264115
-2.616498283812046
7.746538040618866
2.8529092063414603
3.5265860850988253
-20.94415240648982
-39.74469527786012
4.124999999999998
2.8419517708765722
10.928041722354322
0.29384056075171916
1.8624368670764615
0.3484425566775473
30.12989490341404
38.457513472202315
-39.29116392223439
22.750204864895498
-8.189374545043856
2.5937836670635104
-0.3186115595296979
-1.2473008100078933
-23.24999999999995
-14.500184876623027
32.493129761358354
-14.769883249087876
13.999999999999961
3.3927192399366035
3.317984073428625
2.9512105162167948
11.36106404102145
-1.386582666475273
-22.737630659479645
6.310405253968648
3.6425316760335615
7.015406595232982
-3.5429237162783718
-2.149981079962951
37.62934333699863
7.976467046179021
0.6124368670764468
-5.050376014348476
-2.361758690993417
-8.54657751198883
4.124999999999984
0.6328043284370763
-12.17551300951691
-21.75679232799601
-10.383043118105302
7.860956511546393
1.4387648455838553
5.278347006747301
0.4364615556620386
2.225727415321206
