421.87499999999994
26.249520366289232
25.855853544625944
2.497981309195133
-11.624999999999986
-7.93731089073983
9.179111475456114
-0.3992063907548893
-79.7146241465914
-10.641557196549417
12.130735403721943
27.27314128960699
-2.592945045121059
14.503487546953991
-1.4672407912170486
-3.1205875652285955
26.304678272271406
10.460435560343658
16.836232854810447
36.56767892211931
12.891527328179585
20.273739385827177
10.739777271966233
0.1482249478776682
118.25041655493888
-27.418512342679286
0.747126037299882
-0.9776390139634579
14.351590094609772
10.139960907176594
10.193505411698633
2.4995061836669326
-80.37499999999989
10.40428541617193
1.29213985639106
22.05498889314966
11.125000000000002
3.356448240668872
-6.353079929571597
-0.00806905113692391
50.55093531570947
83.0512693582905
39.32272006218249
-13.323612352523668
-14.549082793375907
-17.320458024892822
2.371721734614881
9.227934266727415
61.21862585024499
-68.68697672138256
-65.01022272803377
-5.47114489796999
19.690474172726248
24.625929236439866
2.1637671451895537
3.8002734691858793
-62.33444569784892
62.41583917507113
45.13590745736826
22.850065843639264
18.673381793900486
3.2223657476495333
-1.0955336855652957
-3.060345764594303
