396.37499999999994
-9.575544680836465
1.8689812920516715
-4.179852302077393
4.62500000000005
4.771084819245388
2.8789162769973515
1.6238929908367314
-42.27735457461825
19.59525183901777
-12.385931596553661
-9.885800787269286
-13.410196193318717
-4.014205993615665
-3.8788807158201646
-2.005949553225774
-20.998686880397944
-16.998530909884337
25.962757018412915
7.626881902866332
11.259490166401859
10.138129874719738
7.043970965232413
4.5468282694117415
2.3780076321343806
-16.344564106133994
-24.02887985188102
5.4191357094186525
-5.250430554872276
-8.681071085241397
-6.722617345620823
-2.2172919033754863
21.37500000000001
27.678261893568617
-14.20605595591757
13.831160978588112
-6.874999999999988
6.458253458854888
1.9606693187121955
0.9829887062404197
-45.369702121493496
-23.778397110948752
39.89288358007569
-18.496935077064034
7.225325119216878
-3.916980216580763
-1.6731719844315123
-1.260040326977914
-14.43819238336323
29.245332340365632
-15.706029034767585
24.82034183559508
0.07163234394909068
7.3409420892957105
1.037242981587105
1.1497962361254475
21.71400468086088
-0.3218135450484194
15.080056698181373
-27.57031778554041
-8.708145265599201
-6.8901117729450565
-0.8291906432370917
-3.5974073318556723
