409.87499999999994
16.753162027376263
40.24281093967153
8.383456052771905
-3.875
-6.575587714037134
-10.310063902510556
-6.990949356898854
-64.97083211948814
0.3345432340243555
3.7132809578265036
-2.982009913358926
-11.909614138352012
-2.0528986436695034
-6.538234552904815
0.09701569543146649
-117.26436777057494
-9.252478077538132
-5.975951480571865
21.503796905823418
-8.168009946192745
12.25677997312581
6.39347487528155
5.465999341171331
109.977635529628
-11.562568168483576
9.542123242505381
2.6147491633982796
2.247801854074204
4.193390520754191
3.0193158980661643
3.0673446744786688
42.125000000000064
-70.51023239436725
-41.37726299967916
-37.0100044098002
-8.625000000000004
3.5294898648474184
1.0384395289961947
5.6055242906285
-105.96565354967876
16.344713395056523
16.34240611961746
37.41216760049719
-0.907871851744563
5.9207847425344475
0.08748711188860625
-0.5083744752174244
-16.23574147882864
70.11135184161965
74.39347487528154
26.698653293751768
2.1656092719824303
-5.745338364886008
-8.274048519428117
-6.694692395031855
105.30576159357568
-69.18420722482549
-45.60043993253993
-32.50129504959666
-8.737662536467994
-0.8940679828941
-5.214176366170459
1.1299228600429023
