412.87499999999994
-16.34618582206275
13.133279161281976
-7.555062052077524
-2.3750000000000213
6.740365525838598
5.248640630852385
6.381866422758959
-11.808901472338501
17.402177302295094
-9.916601187270857
-3.1345494428616485
4.251262267132768
-10.139342081649932
4.207670714528575
-3.1933957239902684
-75.54487437687361
-7.192018530426774
11.125446417183527
14.313252843307222
1.4070415257960835
4.636861838428114
-14.302854441715562
-3.0908795991183875
25.282596753616268
-14.768725270822483
10.249526809784353
-5.717545025450262
5.39096168291619
5.209437362417303
5.627475802922059
3.7472948940862487
21.125000000000043
13.885148381300752
-26.384617952002262
9.315442622749451
-4.62499999999999
0.47955113843296804
4.569812417034158
3.29889585727575
39.83170239198636
-15.591333478960937
-23.7810320995681
-7.034465983172842
6.443404095812633
-2.6316973794672167
1.340051454323345
-6.54169604383168
-29.186952656664836
-43.226580184106304
21.197145558284433
-5.900405493694571
3.070257993179947
-1.9922469153522098
-6.375446417183525
-3.6953444929961137
-7.775804264953694
50.062700930419595
-21.9973702764651
27.912312854659117
0.73098900637941
8.709489142013012
8.419781446862038
3.9470651026224166
