647.2499999999999
-25.8306312015755
15.309670383239052
-5.1284832525724795
2.7500000000000284
7.133270251208074
-0.9295121067374907
2.732875185497079
-261.25354165245335
14.309246803505253
-0.9108901792438573
-6.4758558877902175
11.872066518911431
1.0643705309464977
9.906923128628172
-0.44944122126352326
32.90650930085204
36.95210771974011
-18.490485194281423
15.967578925120822
-5.556875432155392
-7.85187699744883
-2.3955537750396925
-2.464993701795561
36.0219504638107
-30.741062964864884
41.45302325708593
5.209449510058587
9.331515834074171
0.7360280887156545
-10.74673932626945
0.6880195589966274
-81.24999999999991
21.3257678583469
-17.26951483055364
2.7946917058473026
-1.7499999999999876
-12.549814437528777
0.11771795651807437
-5.456966291334432
101.64151440796348
47.03254318948048
-14.472862590157892
32.1048231153336
-8.865199420772273
9.394103880534722
-2.231075920909842
1.6909175504745644
-65.58514805680433
-70.43765722579994
38.10444622496033
-44.458917432291926
8.796086370170952
9.911871764075823
4.490485194281422
2.7010915252333145
49.483670111344296
71.4193538053544
-37.620807715540955
25.003648953713924
-14.405210447574234
7.303581363732658
4.915382530114261
-0.4128001940985202
