423.24999999999994
-11.935943370667573
33.783278202033976
9.89627397071753
12.250000000000021
6.78860870178179
2.5129890417530945
-1.503931262661439
4.01549427431814
7.604251502839707
14.784815685417033
-17.479757683908808
9.96148506853614
-6.002438926103666
1.4269578177849294
-3.3428766464908772
-145.95635146521988
10.887358019686356
-5.694543648262989
-11.472566753226285
9.149923585565404
-10.578379134789925
4.6057088834311735
-2.2071659834159183
-46.78476367861145
7.304303397184951
12.178344565315957
16.597302105518626
15.930099793267797
6.719551569615208
8.081273201986136
2.3844565580541515
130.24999999999997
-24.990460674478673
-0.3730680267082178
-23.913646042369983
4.2500000000000036
0.19728630099158906
3.672304487300563
-1.3511056039467384
107.01719087091656
-53.764921883228595
-46.94649682648364
-54.34110860216458
-22.494994600342764
-18.693496183231154
-8.955142403968795
-5.655851711206547
-48.593913888070546
-14.634580856028503
-18.394291116568866
-3.593860757569038
-7.307797094768946
-13.28262092088865
-1.8054563517369933
-3.5436069395143486
-145.48585000393425
55.59646318172929
34.31883845802113
14.962594034495133
20.38935883583419
-3.0992923587344023
6.107630535294703
-0.5080574251271175
