424.24999999999994
-22.735215160502506
12.16214747188397
-21.594371808532784
-5.000000000000021
13.805925737187472
-3.9553342301436345
3.9133760795208516
0.7902390852582233
27.926769852134065
-14.700395601647099
12.857929621925193
1.8900121537143129
-5.576613375919011
8.094875571894633
-4.329131329343843
-81.62522331509933
-9.940564985015586
30.568912319027604
-7.243058459571305
14.40220537492853
-6.587729011858058
-4.094038584874661
-0.41860916798750114
-39.36100637324488
-3.891543392540128
22.20899473659502
22.705856684152796
-3.149920244978699
3.02176717956735
-10.825682860204097
-0.2474115185821868
9.000000000000009
-4.078868010680069
28.21397107710872
-13.40440636501427
-3.250000000000014
6.5041323296461355
-1.133285515689824
1.1207088789989639
0.23744605575048183
43.41036242248443
-14.610025681489807
9.730136619224727
-0.010686380894364689
-2.698497371272083
6.008672828346528
-1.3811357524544627
41.38701993089334
0.036338666876882364
-19.59403858487468
-10.658847485153455
0.799362457449381
3.9951726410002357
1.9310876809724027
0.7590191821330723
-10.86992726949513
-59.12076188968646
25.591235034817036
-3.9337942641666395
3.9535733596771507
3.6949787180229468
-9.706605578246494
0.5658708349851844
