419.87499999999994
-22.564460930895862
17.9672321827655
8.030859408964886
-7.8749999999999645
3.882221520533072
1.8933614791140023
1.1028400233153324
56.49601385528049
1.3704965492370196
-0.33409050529253737
3.553831035032058
-13.383920889135206
-1.3535221924309493
-0.12097960375393191
-1.79965407979995
-91.0756161864688
20.651742712130044
15.60399980777681
-11.295540126607152
7.413425031437196
-6.200391249924906
1.1319128956972015
-0.6444449380944559
-163.30129313889594
8.687742250892011
14.196003551828078
2.4768532572906174
11.598845781100575
-2.5806248213527923
3.1130344623137187
0.32747527230088824
-107.625
-5.607182996450806
22.46094622594235
12.049182668500595
13.12499999999999
9.419142010578286
4.902769078319586
2.5678706451019164
31.1562771319577
-2.6559023970470523
-4.426918208442322
-1.914255766141763
-0.24610478344898512
10.649670906311844
3.9114807084988543
3.331140533093817
132.56937197654287
-0.5034733984900637
-27.118087104302827
4.83987444151996
-18.359531020787514
12.878405532676407
-2.603999807776826
2.323776265709726
149.25895943930797
-14.133285024588945
-26.461485571255505
17.210123910229193
-24.941719479923137
6.882258159778275
-4.519263465181267
1.5029792871605006
