412.2499999999999
-30.055314036317867
2.913736741114242
6.552588296794703
-27.500000000000014
18.18969688583727
-4.724683926304625
-1.1187546613935204
52.1286041294745
12.185401726438672
-29.64148115849934
-8.124917212896095
18.434936331231373
-1.59141800352245
2.630328469595148
-2.669984551273614
-63.99322226044936
-0.138458091754039
2.5376893987706266
0.10766973051708906
2.509489408799875
-5.417349809167242
8.912058069535222
-2.326189932518057
-24.6161994453167
4.248480059466176
4.971221426458439
-10.286415542710301
12.490491440227538
-12.631034680441653
-1.1495682075422589
3.497081818312241
-11.499999999999979
9.021737433060881
7.39783537863413
8.00328636563231
-12.749999999999982
-3.9750538608053168
-6.31146034691094
4.34506706994136
-0.5772428034945549
-10.525256411364275
27.692167076897984
1.1177026610875371
-24.508463825895827
14.018648589743934
-6.064783648801569
1.841625809973803
-58.46092716271904
25.979781262094214
8.41205806953522
-2.393515530139384
23.0437619087492
-15.609396309968606
9.96231060122938
-5.734038179850515
9.404421679547221
33.07875279025556
-20.033521581583383
10.498272253014822
-5.440675228296916
0.4032573801559023
8.105535901859051
-4.9176347734722885
