443.37499999999994
0.7570110658252105
0.5924310884637123
6.945946126979592
-3.6249999999999787
-10.845331112369657
-2.8160744673076614
-2.524293903328253
117.25851837968051
15.400281722079816
-14.029163982685004
3.168355220079558
0.5172604700901591
-17.0397394348982
2.5020198804900744
-3.198075177730032
54.658814699050474
23.986263264877387
-1.5580582617584167
-10.80297486069169
4.524551675862796
-11.929099658504867
1.2246888221010026
-2.6140458765054126
-39.13148138533281
-5.143859911930606
26.455366456136478
-17.862978774158282
5.367587542119313
-6.263353979281076
-0.5320658460260415
1.594073238614103
-111.375
-19.682185883614327
43.25105199455936
-18.191016182535396
10.624999999999963
-6.053334626088282
4.138568757907189
1.6180633467791985
-141.05603986526035
-65.73189787666932
61.579515547315616
-28.10308157847996
12.941997668461077
-9.052127622581887
1.2278501610753354
-2.912889523367804
-126.41477455461792
-52.67327785954854
45.97468882210103
-32.90449646686913
11.249874760744941
-3.7326332535244715
-2.441941738241561
-4.1328700714536915
-100.76667678117376
-34.03780277692894
24.941518555700938
-26.691230953664583
17.40656893053061
-3.6938201418652743
3.428446754301033
-4.485175325339667
