439.62499999999994
-55.067552205714094
25.232584823476166
23.71473896049612
-15.124999999999986
-4.064636785535143
3.754718781224234
-6.564455644465056
67.06209557744374
18.22703785655066
-37.78604563654492
13.977030480028727
-1.8247668280127263
23.17202073557892
-11.332442017484954
-2.0392697702537963
-5.0228201234731955
-41.09121865482351
28.394737533752355
-23.831926408996384
14.245684122862803
-12.200110304961424
0.5972718241314983
-0.7776964798581849
-53.781533489845515
8.907744959979944
-33.23138352174693
30.341616643379478
7.139257800008634
-9.005012251926004
12.757362805568293
-2.148401903238933
-6.875000000000005
-13.076853563759755
14.760850293151405
-46.671618212065624
30.374999999999947
-11.940108808527722
-9.767218059569025
3.2599472357205066
29.719909152217348
2.726829027985122
-38.40656800695488
29.856793285915046
-18.157427711204786
10.898868550901899
-2.7567043507734263
4.190230538707738
43.07612480257743
-22.171791103649774
1.3472718241314805
-2.108203770145865
-2.5182799430591274
1.9748201209839635
-2.8947375337523695
0.2139426069544932
-20.39942382094114
-13.677464232412733
4.248826958405484
-14.45450631430672
3.270556986320807
8.898603355282516
-6.773030420576693
0.032476949167934754
