450.74999999999994
26.926488709303527
-17.28592935475443
6.942691702883863
7.000000000000028
-4.905179051981072
-1.2284731753037015
-0.5722378652825864
91.21945199309884
80.71597126042339
-29.367400757999032
-15.710765265572476
11.269552636306539
-2.9929758699382853
-0.07904093973274429
-1.7801486970329419
132.41916664454354
53.92918224518009
-45.8256403026729
-9.799786756499696
15.986165508421859
-5.347329093561282
-4.746320343559664
0.09847125438194726
81.64010020226627
76.67791310973848
-34.821941171672975
-6.251010935126338
7.381399261784463
0.45483957757454885
0.36926048872893524
-1.1651509002673968
81.75
53.24990775235466
-40.83125919670452
7.587560207726502
6.000000000000015
-3.550906229730322
2.029968574025737
1.8418250208718228
37.93030642064359
83.24015987370485
-15.660193943690032
-5.244015056364239
6.080603453718652
2.1478273686368397
1.1195704807240263
2.6709236209615734
38.77711058297909
30.592517424074316
0.5036796564403512
1.6225844433316425
-2.5627158128328262
-3.6487430030726653
-0.9243596973271238
2.2148654022302554
33.25390912176716
29.02099666902825
-8.294032876064168
4.99996535871522
-13.006282710838986
-3.2857742390099505
0.8997172958244009
0.3872123060660908
