491.75
10.186275149141693
27.455403330922323
15.121731837172206
-2.2499999999999716
-2.6399160772649566
-6.231037468702688
0.5948679984915906
-22.64722112277533
-49.6108061626957
-38.03898662683249
36.02205346763537
-13.283128530760955
10.727624868136951
8.198400788405085
-6.239271526258699
86.61020653997981
48.942379797874366
46.773863607376256
-29.105542051327866
-32.294988926632016
9.053893304699521
-0.23832970144350618
-2.4019492611158695
-69.50291742724204
-86.50942825805352
-1.8764291469978973
25.09990326559099
12.649351068158817
-3.0731285141283036
-6.021173800836377
5.065145707485003
-13.750000000000032
112.53631111237954
-9.519008780842832
-15.690394975352568
21.24999999999999
3.414716246352352
-0.11606821372279619
2.4453833425510503
-42.77293097312503
-68.57860167477557
50.148021032775226
-39.63988534031799
-6.758799648405201
2.8412222313632682
-5.451628452265508
4.495405737885507
20.950468326556006
104.62685504890715
-37.23832970144348
18.298943254053206
-6.106037195163179
1.2340078008586595
2.2261363926237454
-0.7846276189817107
44.38523651493082
-12.806028352448367
-5.309021537179142
-10.232458864075971
19.429257353343967
5.035509434925968
-11.72886288884441
9.66968066574142
