395.49999999999994
-19.758877793720757
17.556527404827435
6.311777352202718
-6.749999999999979
2.90969745292567
0.5751916928653138
2.5311806971189394
-14.111947274455826
2.058128815017859
-2.6458003541998467
-12.52687168016757
3.199644745967621
0.12711606098615527
1.5956122506098616
-4.449424032014958
34.19034182146141
-7.71059036313371
15.76561146012847
-9.28503900416867
-10.95805448364273
7.469025790661148
2.0732233047033635
-0.8696821895662481
2.0004661411739018
-24.210278182168476
-3.550368417585541
-5.101947619845291
2.382488404408661
-0.9836701032441715
1.7933113850836468
-3.977031621046488
15.25
-14.363751876019553
-3.833633442194744
-5.487172526079016
5.999999999999999
5.6864864819577505
-5.988802437122649
-0.3353225368214814
10.37119230371858
-40.13566675116161
-26.854458691718364
16.248562943789448
12.800447699818182
-5.494246457867252
-1.2435810131351162
-3.310783245556803
-17.409279885498613
17.672857326661358
-2.4267766952966383
0.06667384301211676
7.515553335152206
7.042620516523572
-2.265611460128479
-2.8034475812786024
-17.858175985813567
-25.21719098498132
8.134788320885498
0.9733890024021754
6.173294192461542
5.585826692040527
0.4994537214868018
-3.4619347373053113
