496.49999999999994
-20.714331451323375
41.04863084274457
17.17686756288947
7.500000000000028
5.837394914289661
4.3743463438633015
-11.064425600377959
-6.843854538245908
-6.429288270064362
-58.655058680865125
14.793012366377198
-8.190976323213302
-12.798926742107604
10.78946800724463
-4.612648053103146
9.043470777499461
-10.668356880440928
-28.806349186104082
35.72364980448225
-25.50682403205995
-18.516280795450847
17.95279579551077
-0.9948021811156382
47.89731324871714
-55.065170535109786
25.96286225979747
34.46901398582753
-18.222715768768726
-8.461110327755135
3.133388862219623
-0.7546221161693492
-28.999999999999947
-11.835935877039558
-51.46267293912813
4.755305974694119
7.000000000000007
-1.3629118859420508
9.680820934214513
-11.250118141282064
-4.893276489401414
76.90895104872003
-1.2555956345747923
-4.170742425883377
11.735521531230585
4.951296230955453
8.50725287278685
-2.9230349113788443
6.807395705885698
-78.34802487145816
12.452795795510754
1.0889236847748585
-24.341876012286463
-4.704867192677321
2.3063491861040486
-0.4244866218187422
-47.06049175063805
88.67771984876859
0.5173141606860803
36.656791118376624
2.0598716642667547
-19.361316566173535
5.368020398793657
2.00897805328142
