976.8749999999999
-11.18225153720897
-107.40463681294789
64.22531647623033
-0.6249999999999716
20.961229917937786
23.246510298941132
0.07290002753304847
146.34709763303772
-84.24917068351867
-25.886563593158492
8.282590813734906
2.6804840605788343
-13.091545581009928
-11.090714210464343
-4.283828773483671
-183.01181117922832
-6.850400501915217
-7.493718433538213
2.71067667185563
-14.773281985921344
0.4896926354324975
-28.093592167691114
2.1599895958179554
-125.85202893627356
31.421396496559556
-30.63580301170064
46.4893446515256
-1.5236036083747564
15.55332488009168
7.013435432651363
5.451414184226762
19.375000000000025
33.85816507223818
2.963805185114028
35.655423482990145
1.3750000000000027
1.7166760253082733
12.708151274858647
4.575036351094795
322.0764294262663
44.627905774886585
-25.821701414704425
-2.32966576202438
-25.296959547167535
5.728692780009915
-19.09722900603332
3.492834132528774
-146.2197258200771
-24.168473649619738
21.906407832308886
-23.117431803053854
-2.6751428680449933
-22.70029305406594
-6.2562815664617535
-3.515652791601747
101.28057530956693
46.833180584400225
-83.0274406028544
55.52010794504069
-7.4326963421424335
17.703270854621678
29.470253955131234
3.531133251983254
