422.37499999999994
-5.967582285796141
-9.39250029006557
12.144225577928033
-7.6249999999999645
-8.088988349817825
8.355368830944439
4.902704789313663
-36.5502227459755
37.13992517038627
22.470990108801022
-45.32650584661499
-8.510975609861061
23.59240218014476
-5.658206893767283
-2.5135804081235724
47.85850116282332
23.017682473530392
-21.28230066667591
16.243008366801696
-7.517544750867586
-17.75045856392416
11.810213754596273
6.442852952418807
-10.458457810584838
21.103421142211854
50.2972767940494
-30.86579062263015
-17.624294798635816
19.91182005044118
-0.2839913186824563
-4.569549463290232
21.374999999999986
14.36807114418374
-20.51188372860237
11.39177617260416
-1.125000000000003
-16.284699894809876
10.25518775568225
1.7049975263736532
14.59619343711227
13.28312272299042
26.814096390323755
-37.25544183913683
-10.646442887251375
15.124412593981704
-3.805753557758437
-0.0868115203753681
35.513660983458585
-32.982852263916705
-27.18978624540371
7.665383081651069
-5.409969585746569
-6.854220713748463
7.532300666675891
0.1727903442466603
21.842401758739637
31.319157702298398
-8.111885866966393
-11.902169517557551
1.4276837421590707
5.4599208936847905
-3.7061269029177155
5.101452858262174
