511.37499999999994
-6.808586024713179
2.57150634709204
-17.135254654197098
-0.6249999999999858
16.626225371615973
7.188087722535343
-1.7050906639045387
5.916791028498546
-20.010921935831053
3.515953878271312
11.881549575284835
6.48704584506336
-10.505120665543371
-8.237968954741131
2.087273915165799
-55.30276382694665
30.02112727550639
-18.811106588963334
-32.600209135382656
-5.713396684221118
0.6817350602424312
3.718592167691149
0.6168860898191659
-76.15862723480258
-22.307507974159137
-4.808643462175279
40.435114693223326
2.5106526421470736
-5.478614081719764
-3.011003296659017
-0.9639269427726407
33.124999999999986
24.8613601594692
15.529033444994642
22.532330167172677
-13.374999999999982
3.2199633325947743
-0.07328208674435355
-1.8442354501046525
-10.294954847459918
-27.218053572566813
12.169638646266552
0.8948617546777822
13.190422941044481
-6.181173531651347
1.9074174156646584
-4.683139303394569
-25.3945971242107
29.19265431293938
2.468592167691148
-48.744374122016524
5.47844396966247
12.679702682354964
0.8111065889633577
3.160385388235265
25.135761104932048
-14.539250248436659
9.662876708092508
3.3807519947788
-13.822630073574746
-9.936469909375695
2.2023194077370842
-1.2430192257409403
