408.49999999999994
-10.398157552725294
-28.83723979825855
15.153409819419693
10.500000000000014
-15.697241523856654
-4.291107178542141
10.646553381030019
-40.460864066748876
1.6694109834034934
24.963126610735518
-21.608599352888064
-24.3761507389177
18.70932182601257
1.6059808687191415
-8.668841828705737
-3.4021896357050467
16.386811396715977
-33.68655300614689
13.60791969103448
7.220091899539284
-13.783163220807076
0.9876983722080777
5.830867905584311
21.727975403846965
9.305298039373092
3.977100414801014
0.5527620110573066
1.1460125846691405
-2.12439451183345
-4.3277693164846704
6.3161733941976586
-57.249999999999936
7.873890488880637
43.51684234180399
-11.796497219600042
-13.250000000000004
20.41859372843935
1.1871952655630378
-11.210509893399998
27.545833065288512
8.231923644658629
-39.022910352889994
36.545022870582464
28.122507998235008
-25.932334501864695
-1.7598488962846264
7.390191642632958
-46.757219824137394
23.010926867820682
61.23769837220808
-28.18760189882466
-13.273385889147038
23.844443606623756
3.4365530061469016
-13.600410949480727
1.554234397108646
-38.49942444628981
-9.673580227709309
17.205784570727545
14.017470320944188
-11.65669639174431
-3.3916758881429145
3.7101615074038863
