467.375
26.590190670099787
-43.63091913981147
-33.34713690911093
12.625000000000028
11.970094221804892
2.7837286173835594
-2.0819616744460614
52.58853550129349
-26.385719594470057
1.4483896445979472
14.959677893251131
4.1722934402618925
-12.942681820565516
-7.606784690415614
0.6264715321914496
10.124554907916718
-12.659255448247299
9.382805730064245
-0.8780114607954381
-0.4599483505402491
-1.4224189067976556
-4.696252723917369
5.919675990963512
-24.158747592192086
-43.40564866786436
2.2957851086521375
0.6182032916415574
4.494252245287189
0.7765559170607963
1.0613740365384874
-0.3993877305652609
-123.37499999999994
-10.017389242051639
20.356187347934355
9.980841613663513
-9.625
1.2461971059677843
-0.17856835049247
-4.787400780096476
-21.00287229512425
57.428455157984345
0.36123430430152936
-16.30923052056613
-4.6918106784961395
15.698553534548127
7.738563867426392
1.5480399620134615
-54.93086234455623
-15.15862571298167
32.80374727608264
41.902336431872186
-5.3567431817136075
-14.364274753993941
0.36719426993578574
2.9341756631168874
-5.5558711252730335
20.54068509456452
-5.106640956807722
-7.51100680931226
4.039563932063488
21.430610465832036
0.4161816742069546
-0.4310372317196396
