421.25
-5.327931223669637
-27.200053260732275
0.523965535284276
23.750000000000007
-6.116188052847136
-14.710781849151736
3.912269507062101
0.024172821923527182
6.887475316869309
7.671229792648402
-5.560837838668034
-17.44251212056999
-4.503183070645959
8.932420930071444
-2.14263912709638
-15.890011451853118
-11.63124018877418
1.7352813742386046
8.414285327938114
-18.765769768817318
-1.9732732185632083
2.5263889243179376
-0.7851577545919232
68.0741214840924
23.468469650084455
-72.34854075468803
7.037423427073391
37.29694317431267
-16.44934589033611
-14.466986617599607
5.174308458322392
-3.749999999999945
1.7244509294070394
37.56766807162658
-10.567947471402636
-24.24999999999997
-0.31568180569236004
4.463218083410847
-0.7874644317658857
-25.480355271455057
-0.6491821924753198
-0.1957965799907324
-1.415074642874219
-4.192619091948647
-6.994530208259969
2.116908834072726
1.5187221817786196
48.52455601095151
6.452539045743664
-56.9736110756821
16.33456599732827
25.903105701512757
-10.660897366093314
-15.2352813742386
5.054278889030554
-18.341616479583735
39.39163212036552
24.70075360515956
-7.547069461048202
-26.708963774839482
3.914035895484872
14.391392243092172
-5.430368535682748
