417.375
40.36310172734832
-42.61136874920884
-46.08845265288996
17.874999999999986
9.641772446556622
2.632015068146316
2.296361273596453
-16.234723942800336
2.9854106810641308
19.772047462331354
-15.708545377758051
-19.52455206416936
-1.0841983198801473
0.31485950933732626
-2.8459484237150874
22.206079354229654
9.7711230219769
12.443465901844084
-8.308181019236471
-7.979484517123268
-3.9159443084158907
-1.5589510961254478
2.452612645647699
47.80548037695131
5.396348080733204
-25.78714629734354
-19.92537880407953
23.957509688343087
9.288087265787818
-3.755791915642533
4.177521622597906
42.375000000000014
-25.224336229041008
0.7181147078433963
12.724310569887024
5.875000000000017
-12.035344762474754
-7.738899228338558
-1.8808930787582478
-14.51053245916763
-8.83653136492817
3.8090564837858505
-24.968009388622086
-11.14694722150782
4.672330476874602
1.5796734904698362
-9.369263379395285
71.57545871116467
52.25314831157751
-32.55895109612545
-41.915495449895126
-5.218627869564038
16.65573736853533
1.306534098155924
3.749733304285524
-17.37675839106443
-9.602045078124956
30.199789699552827
4.34980978000862
-21.136760959697813
-23.549535635427784
3.158724114592803
2.267637646140821
