447.12499999999994
20.816959738710096
-44.48797403120206
-21.61498281305481
27.625000000000007
14.972716252269016
-10.391170126559135
-8.051519934603121
-32.12385092804694
-21.393211822795962
31.591997959988074
10.532462280998246
1.7179465660928956
-11.800754082029476
3.103697652569587
4.167921523699604
-22.8605273809857
-6.573055190611491
31.773417190192728
8.975051601501068
-31.158545450909006
-3.122310699334749
8.328242212694319
3.307761344540409
16.49815058046271
-25.102821811356435
-30.905005679727914
15.259481488562322
15.070787993307256
8.418801271856472
-8.61657679469772
-2.2957242997904554
47.87500000000001
34.07289935393683
-37.9319455640756
-25.348807615543024
26.874999999999986
15.256861641001521
-9.588991381996653
-5.221700389146542
-3.7309205890605286
-22.84641132394048
27.89253376238849
26.567403374101072
-16.252451174733785
-17.251229341314534
8.744824336050172
8.456575701952541
-52.90371005764355
-1.8957699386771405
39.57824221269434
-15.965511311129797
-2.382497719545093
-3.8103292407514777
4.726582809807304
2.273363364449544
45.627699487647966
-29.183476374055786
-45.04487558611755
-6.258643431279517
25.970470532312827
13.674597904729215
-11.60029073478058
-7.115040324451819
