378.12499999999994
9.938949256137178
-35.51696046904927
-22.02693940745248
18.87500000000002
8.727502345298376
-5.7185460599697535
2.7476227610716553
-58.06977381366971
5.117051430294264
4.743836618951363
-1.1905909094446194
-7.984300653510601
-1.7936282896457705
0.6374041680422344
-3.211725861789045
-37.630168208396356
-6.039285975944421
43.344485002058185
15.63097326206925
-34.38930752758547
-12.12949616026051
1.3754464171835479
0.808785611633796
-13.244206793434424
5.713081149691961
2.6072024902893998
-8.83150999800547
9.06050116482875
2.314860659449791
3.801635269671999
4.2736811878445575
27.125000000000004
4.557500286552218
-33.33294525715068
14.887296206479226
21.875000000000018
4.181176544049816
-1.7524298798514322
5.030195374546877
-3.912675769731197
-2.544496468015866
18.392829538641408
8.772860275003397
-4.692034490980951
-4.373441290343187
-2.939370514087495
-2.8978315537820256
-34.33841421218812
-46.80258555889994
16.125446417183557
5.4044881709411134
6.803071201534841
3.442658615856754
2.155514997941809
-4.555599058362548
42.38066568569839
26.746273753764537
-45.12445217828129
-14.595459006880265
16.698220685208703
24.580224370726697
0.901405937228577
-2.4121001419456167
