474.25
43.406474419549426
-29.319576920145735
-27.66349129970122
26.000000000000014
14.960090974040078
5.65021320161107
-5.1894032050718515
1.6135800893630292
-28.090621514425525
-3.210200634107145
-2.7194144549294346
-7.020769568611909
-2.9331024903077676
5.060047810885306
-1.692277188469366
-119.26184896911937
3.933558203720793
30.245689014324224
27.288059329419646
-5.532495245093074
-18.1772855933852
-5.818019484660505
8.341095988621406
17.20955250355896
13.845693942594451
31.238556563446114
6.971600327236113
-6.005267523905626
-8.429476132342192
-2.7155573004271503
1.1071002894326682
22.00000000000005
-50.160660971275114
-19.13368841977696
-8.564154912191212
-10.74999999999999
17.20350880363312
-0.4631063105734037
-3.1587381037534694
53.12815302254879
16.86346245904448
-50.63249020404721
-16.358408320476734
15.612164396334475
29.105564139039263
1.7923499523303412
-4.90304339893473
-22.038009902597143
20.275218090150585
12.181980515339468
8.151763527952845
-12.050062089591997
-16.63398596100415
1.254310985675784
1.7821722384260068
-2.5984646110952356
20.378790623396107
22.286101993961548
33.68183983183692
-3.5044085795757067
-18.689977203406585
-7.130002504978284
9.013457048150176
