413.75
-11.41500189189346
-29.602606662988734
-1.8922409708783334
8.750000000000028
16.245009705666845
-6.138866243564689
-4.369418219739506
-41.25422606134171
-8.808115396879993
-17.52288601748642
-9.576029533915737
9.13842433214635
8.701721404993968
-6.227258144222548
-4.071559775045694
-36.17058362440757
21.826491159896186
14.272970773009199
-8.95405315022165
-13.598860086048358
-8.68517900098469
5.326271631908307
1.741311888470914
-31.054196901130876
18.23221887996387
39.888102853676116
-17.831345817999587
-18.37674985029225
-9.139815663013676
3.9096579316617097
6.686409270863983
-41.74999999999997
1.7482510706584393
-6.3086440597978815
-13.340620336217379
16.24999999999998
-5.011434341325007
0.4483415291679609
9.78427274157021
26.351129579624434
22.35953227515442
-26.48693246072555
14.607136009781387
4.007428912098847
-5.38616860327259
7.334115754307025
4.665462053774166
26.34746439924985
8.844035869659812
14.8262716319083
0.6837972890916342
-26.29773762817023
-3.805198788693475
4.727029226990812
0.22500542222720593
-21.62680412782605
-48.32460810225064
44.799540026410966
20.865035421195735
-33.40059549139646
0.3780289200658924
3.9022961908001794
-0.9743701818478172
