745.9999999999999
-35.88345169337792
-37.36671094978732
30.641339415278154
-4.499999999999915
3.653933541031151
0.5949057026565328
-4.0938958321458045
-271.34672410976617
-6.894742378729706
65.57814180619584
-54.49339755593789
20.260132888577267
-2.361348189459708
4.682925093649885
2.7418385113473693
-25.677968539973843
5.9944825635676935
-66.06980515339461
33.35607760125228
-18.44077877039345
6.9157192985332525
-1.9883297014435133
-2.305384436053143
45.2199819169389
1.4310500150532057
50.18314857365738
-3.696210455739255
6.930034848003666
-2.7670310126214233
-2.355028807205736
1.1510001785119286
-66.99999999999991
-17.208968748402214
2.0815452352634836
-18.079235456332647
18.499999999999975
-5.847843947641824
6.985139184980659
-4.628213596521847
-10.012050905478791
-0.8642036141083791
10.76110553698848
-2.086836166016045
-20.429559836365634
-1.0966827630741856
-7.5833386200358515
3.1442534506496314
75.85029289106339
65.43987868418549
-35.48832970144353
33.725060986443005
-0.7501188848472129
4.716634696241212
-2.430194846605384
0.20540555546540684
-63.20397445569554
-61.57796664204729
42.66238544593561
-38.35185524613679
15.588768945461915
-11.780194120341463
5.6165309064660285
0.6876355975431343
