400.5
26.117912970555906
-19.07201315440492
-23.307456664776588
15.250000000000014
0.5765354758155112
16.017828012505444
8.072155395379587
50.18533984081128
10.268206562921877
3.731690768923159
-16.545122532263655
-10.760133963087966
5.824206899136129
1.5933819473560216
-4.350766257523734
-49.223781580401415
11.001178418318961
-18.824116139070394
11.086976036806192
-2.1347716392963925
-3.6301399669059755
-7.281222920256952
-0.9265907546416643
-30.104024083194314
-14.236356698677412
21.319666667897085
32.20153730928948
24.775944096540105
-10.93226524324169
-1.3876377750068063
1.1156648128707718
-31.74999999999997
-25.765148983912034
34.88606775795795
2.2240510944899015
2.000000000000007
-14.509254985563807
-9.85011555197025
-3.545026703680458
-5.9464687711368605
-1.6616063588891663
-3.0110323743294396
4.014433897859198
-12.764472850449373
9.079685610967474
-3.272299517008538
1.2194874240382871
33.377864325401845
7.548427669725836
-28.781222920256972
-18.411841814258835
0.0724572153467079
13.79065205087979
15.824116139070396
8.5504260651078
-40.008672912440254
-29.904067116422848
29.853869117444276
-41.28005102185183
-6.088131410511869
2.0008190137547377
5.962728501310263
-5.049429483178837
