456.74999999999994
-47.891451299047404
-25.603661434469032
28.0729894858772
12.750000000000028
0.060826954417848356
-5.63049919181994
-5.910791307297291
18.87236675149672
-62.268373894273566
-21.25625810859023
10.169833752920628
14.194907638857345
6.7704574148502825
-7.62279663737771
-0.27963149621673855
-25.522072011942992
-4.597903753251145
-11.217514421272195
-12.28501088890741
3.2392109380155882
4.291748400367144
-3.7989898732233236
-0.05222017693962333
25.255116939393226
16.593019291024632
7.929130744286741
8.107859878882469
-16.376800498285615
-2.1798020257692032
-2.433872515567994
-3.3729160564069374
-37.74999999999994
11.147354300633102
18.767419511612594
3.282731524264824
-6.250000000000013
-7.06695646297555
0.8854179098837873
4.460189702934507
-55.600720203680616
6.211750821238775
-26.471522523222646
6.390003127625419
13.937636799909228
-11.280695412607123
3.413353635653257
7.021951479159184
-44.630413847702634
44.368978478392606
-35.798989873223334
17.559963099997347
14.352961802326394
-10.16755870677375
2.217514421272199
4.436006301991302
-9.74411383382736
54.790173657177924
-5.217448874395198
-2.199389602984793
11.29921603464052
-4.669001011911234
-5.258835647527534
3.9412094279982353
