373.74999999999994
-17.35121228584819
-19.968696212740852
2.536392976120169
-14.999999999999972
-0.04440736564113479
3.4005398929096806
9.49342777230616
22.51819067614725
46.1482876577956
22.90171226014637
-35.13874574695403
-5.17375517974075
2.035285698130225
-0.42569740225288766
-0.18880967622708256
35.1182041854035
19.980558993562127
-27.619164850721766
9.114955423462886
-3.7351462969904095
-8.324093692905496
-6.537689398770636
0.6696790291502583
-4.291717940029304
38.08896836780558
-25.211536605797953
-4.468624640685126
3.5947998388414053
-0.17778435975221019
9.428481052215783
-4.4819554572699465
47.49999999999998
-50.80253862348914
-3.2035656025011185
20.57451762123202
-1.7499999999999822
6.4716356040166305
-3.814402630880976
-1.1332372528853742
-36.23266520883777
-2.64546154069959
22.941065397090224
-13.77093011025981
21.2492496042218
-3.9443262632171567
-13.978814804625042
-0.29149695736888415
-28.888133113656032
-7.472858954548125
13.962310601229387
22.59813470428125
2.0883443538072974
4.510055453080314
-8.880835149278244
-4.011973437779087
10.078750798594681
24.71804457326532
-35.535483073393905
25.345179627044217
-4.517085644112818
2.988671251015468
11.74062273231937
-2.2353367538933404
