446.37499999999994
-33.90917135303137
-18.06290304085688
-3.128303786962192
24.37499999999997
-2.946954439287886
-2.124331362241989
0.0988589904474182
51.31214015420478
-70.04747303653414
-9.260451411695179
-6.822011861097405
31.27940544062519
-1.3322315075469078
-3.424627637121665
1.1634251423306825
1.0684522902845561
-28.19796384920684
-4.0402913087920265
-35.38017931120728
10.665067662222697
3.7242395789626483
-4.541815472394509
2.5987344224474525
35.42028295810954
-13.426736578922437
8.522197068471606
-21.806963485264056
2.2712637472600488
3.4678706946346978
-0.04994052534978444
-0.39773729411075553
35.62500000000002
0.7611256045036647
20.372601872135068
-21.376140840646443
-2.8750000000000124
4.678059011031401
1.1676227813291487
-2.1586001168173494
35.9990720890065
-18.97663137665383
30.31133233071845
-24.20028402931039
9.77725114201221
7.475118209209162
-4.084091512773757
0.7834185294690288
36.22346835552028
-38.65949924210251
-1.2918154723945001
-20.567907014087158
8.435791709152795
1.7734472702270399
-8.459708691207965
0.3585663330309363
24.986939322238438
-29.5047295816144
-17.19736148689242
-6.377923600844537
4.572528444678062
-1.4476431903328146
0.7447919239216585
-2.620681687410939
