409.75
-51.750505370468204
-8.70721463062361
-9.483731487099092
-9.249999999999993
17.531987880063895
-2.0759126610374246
0.5687107832980818
-36.69596578251088
51.61143065677868
-12.765028335369802
-8.400199843740978
-18.852152587856626
15.338089994045827
-16.668438055663948
-6.889506261655798
92.54014999884342
-2.960394955839284
-20.162058069535213
-21.173156728484443
33.4662528664718
-13.861488676436736
2.4770292269907728
0.13030062693358602
-48.78296523699822
50.7967623002368
-29.370309525100478
-20.283273281631093
1.7208017260100164
-7.580995310724704
-3.253185539208502
-5.306034930081595
58.74999999999994
17.902380849045628
-30.99240879318644
-24.907796080262266
27.749999999999968
-5.535678790871613
5.531328700775296
-4.325819539011221
51.148113330681404
-49.0566634421265
-14.473322912802534
1.6334707833425899
-24.46260816891695
19.016768987135585
-4.228477150106583
-1.9047708368031184
8.482077469084464
19.56592695199929
-12.022970773009199
-19.444072538065317
6.973874036528475
1.626999258302326
-2.837941930464795
0.4806956761568224
-3.3539380862496175
-23.17504016758851
8.327113331504318
11.8634431429941
-5.997164813307053
-0.537501471532873
-10.090639972074612
0.15507363771683158
