438.99999999999994
1.6917177770293392
-41.86722411150784
-18.23156946933652
5.250000000000007
10.610555338378298
0.8354909914412616
-0.8883023465330808
-7.849209753144025
-34.29983614806581
29.103949330547366
38.89694849733374
-9.141575558550771
-12.546555123704263
-1.4341837049656907
0.8998805431051309
2.6323567410664697
1.1265056353058611
-44.270183950935866
-22.784375250127816
10.396461027865005
13.377261894376486
-0.3802038200428366
-2.052093976299073
-61.11589715331049
-7.9981727401506175
30.966277744422065
35.80634565056393
-5.548945378060548
-14.00362296980398
2.272115632935878
1.3290512832264227
11.499999999999968
11.015911890414959
-36.14620343734517
-7.113714402795109
6.749999999999996
4.371948871068128
5.501315939486913
2.3570777854889218
-60.19765731980181
12.614229706565766
22.119414028045917
32.19701733286889
-1.1412869288044032
-7.577530754839034
5.308462857951721
1.896118376418232
10.274760239916043
16.893596861515483
-5.630203820042812
-1.9641670118523984
3.5409882936948396
5.169568968068038
4.520183950935883
2.283636081169773
-23.382238442989454
-0.39947915422197955
14.017590591868736
8.652264007135434
-1.4450832656796453
-0.5463324924584543
1.9721264694752447
2.0710212523409153
