381.87499999999994
-46.23248398589851
7.886629946144957
28.409881681141734
-16.624999999999964
4.1430856520178025
12.833834894238226
-3.752784118119518
-52.37775356825588
13.304424169323891
-2.4996423943448995
-3.1159690649362304
-1.1352643598804946
2.4129127671536343
-1.5807643335142219
-6.562574447465744
20.138815701894163
6.275466642599387
0.15577650307342772
31.548680064142683
-11.636541024540852
-9.218165206556872
6.384329893666711
-0.9907172522871356
18.625263316426924
-17.669727134727786
5.427249970947372
1.0820050823795366
-8.86040256802275
-4.517762102325027
-0.6576457877151607
2.804580261139423
-100.62499999999994
65.79815888733482
-1.4562850983982223
-11.680651789573897
9.874999999999986
7.35706896648189
-7.108831388644905
4.3128525398151085
42.60031234018647
30.117885448481417
20.324785414277528
-12.779432400881507
19.96512513268488
-2.817286456618076
-2.6024810575498547
2.9200004644711064
-6.582883268381719
-49.194689634066464
12.88432989366671
-23.912180421210415
14.69684193914382
19.28813431224296
-18.405776503073433
-0.525574203004525
15.506333739971607
39.17575525397773
-5.3952648001176335
-34.50264036635256
11.985854980016837
0.4615652254429238
-0.10835007297014898
1.9308572049146626
