446.37499999999994
10.452932636211258
-37.15414700657554
-25.76160211418334
-6.374999999999957
9.575955067110122
4.701128610639831
4.603220651459527
41.492706690091524
-30.63861263140612
15.280013747103474
10.641980361936987
-9.761421496670124
-3.477780609237131
-4.383360170257678
-2.491975579237276
13.259646126501924
-7.985306764398146
-20.168339635996986
-20.05859284315107
-9.203974860996027
3.778075762978476
4.912504486718722
3.9357026024668467
11.705573393624734
5.3052641152274305
-22.717518734985987
-18.243063036626136
-11.976279829757248
0.5008516037728725
1.721575350259918
0.587423036795554
-21.87499999999996
-11.475227084540322
23.61297935446838
22.906868736311516
-9.124999999999995
-5.67632700034994
-3.4217621199388764
-5.651224631946912
49.24934759358293
2.2891011268069366
-47.86028863580459
-30.759556036312794
-3.6425439137084945
4.607024067305055
6.713788506625097
8.424428965949176
-64.34740114876395
-4.924661312552708
29.912504486718717
40.73482051848465
0.9711316893980539
-8.51363719160225
-4.081660364003001
-4.115726866366428
28.95512225259904
16.747616780677077
-24.666169181492556
-12.141384241484587
1.7543504896118196
3.265456198334492
3.844576418909596
4.274651600727194
