409.12499999999994
-46.33950611484036
4.195094647530652
14.61883505368904
-0.3749999999999645
8.464721438194019
3.268398827906246
1.5734756685397482
-54.954019721261304
20.145705778150887
-17.23169353926346
5.906224829342413
36.3670190422061
-13.079980885213342
-7.542473803522805
-4.5485059219455355
3.282480263471472
13.981934079999847
-52.69220324337322
8.463616887311971
15.011050987593022
-16.81267751228296
-2.1689709652324236
1.4363443177389263
62.2132661288572
-47.02931746989856
14.713796010744957
17.50116450820907
-5.109412708987852
-6.371576624751695
1.9273896490559839
4.432609140935714
-1.374999999999963
-46.07126435180675
-42.756283179902226
-0.8408147094160799
-4.874999999999995
-13.698152241687866
-1.6375282104463977
9.619238889533436
-69.19313062346154
47.94265236419588
-10.874409857492463
17.375375048043328
-4.060673965878852
-0.14025180473509735
4.404104604172977
6.350255020908868
35.03578989147974
48.125731453886644
10.831029034767601
12.257714330947792
-0.6705208780365379
-7.424848400089742
7.942203243373221
4.21930516568447
-9.303945860750636
-48.80155424915046
12.84115530414299
35.700408394405926
-0.8844516356954801
-1.4690366757892024
-8.576130020506218
4.99338151837511
