419.99999999999994
26.76542074580196
-40.13834954732106
-31.60853646236768
2.500000000000007
5.488603113613145
1.7429559997518496
2.6481901118695603
28.296584973771534
-14.089458026341685
35.2387684874661
21.285557840922195
-3.6387457904738962
-9.987877212840196
-0.3277439251948051
-0.006391181831313375
-10.529627111628821
-14.016350689537552
-5.380203820042798
-5.992548236913967
11.858720373409456
9.467783936657606
1.411796564403577
-2.032522032779114
15.14924404008254
13.834203527139492
-16.256093584060057
-19.608134086615213
-12.767172216171963
-9.429578194209727
4.819008964053781
7.0463611269261754
-29.74999999999995
3.1588243512149017
-0.41551248076652936
1.4516238884337156
6.249999999999991
4.268489980343148
-3.6162617961545807
-5.226816439517488
-3.7421019366955184
2.4189978015081546
20.536912991460305
13.747198501086897
-10.822272751629704
-5.147069733427625
1.9975540632375708
-0.29536896366791676
69.30504637391162
2.885766026679092
-43.83820343559641
-39.07861419261042
-5.994435011348737
1.182235306220889
0.6302038200428117
5.499798850530093
-51.18520642657928
-22.829614486534663
31.82496859158822
26.617449703647615
-1.585009515507153
2.8201989124878764
-0.7447886189834518
-4.655338153615481
