823.3749999999999
-30.54036026337978
-76.58880495453855
33.79286773585849
-30.37499999999993
9.026211150470786
-8.189090647664656
-3.506208413210313
117.2070523694738
83.97791356994695
-14.186897436695876
-49.233943119883826
11.33796666640194
-16.29876317787972
7.0364711086332985
6.08827869681095
-16.043316122080327
-29.272543461423247
-66.37050410227236
10.823089848028108
25.490751180779398
11.351865853633022
-1.283933149250538
2.1180506195672786
-9.79505639219625
-40.444852022502694
70.85635212772489
43.38590210301774
-38.80050563795015
11.786553398006067
4.750192742957125
-1.8888928612618103
-32.62499999999994
62.76232684999881
54.18987566688834
-51.26544326603914
25.124999999999915
-16.157040922209315
-12.569352616868816
-2.093366606326902
85.88631954539281
-13.938271605013583
-59.535748169966226
35.626280997204965
1.6606480337919072
-6.372076311623294
0.7897954839927874
-2.8529689304658885
-167.75508414890749
-88.98065072878842
106.46606685074947
13.148539976651797
-9.340923628827877
14.506393671565103
4.870504102272378
-4.937323532442335
-107.04457650941436
34.9280062960098
62.00488959040973
15.706880085842931
13.02501524831417
-9.906778653608482
-6.868233203057801
5.0082606386587045
