891.75
-32.13564279043271
-55.70618628786349
52.90705145555441
-20.99999999999983
38.942488252035744
15.768110516541313
4.582791449008251
310.56463852293257
-51.37592505331454
-30.588450304863798
0.34482701425618245
-8.347190280101444
-3.6680924881225216
4.5007775529840295
-1.7668204670630967
-59.16316916664461
-43.71808097495359
-33.522339443773774
-52.79674293964353
6.182960440418202
-26.867531022412198
-7.302669529663694
0.8417207997302645
-53.084129480493836
-11.324179611141076
-66.56869379216313
-8.87733327542131
2.4205016940994373
14.009978195715892
13.115842161443464
4.241730083744011
-288.24999999999983
-63.102540434218355
60.04702023748505
4.957413567543421
8.499999999999975
7.307411434038878
5.164093395655952
1.6492966991579303
-52.28167482189165
-39.78677879539534
38.747467683564395
24.347920126180735
2.940893710874117
20.452342248858784
4.829879510161787
4.660731938993686
215.81900846347838
-14.457122331247199
-28.052669529663717
-15.24937039683627
4.474483231863012
12.650695809432666
0.7723394437737277
5.344981349291605
-98.83221627706419
-29.42887853659828
30.60831024836719
-81.81681906201217
19.648580868805247
-51.11012427409252
-12.603997633088872
-6.6990839201228916
