431.62499999999994
-36.608530288084154
23.5473212576655
-5.725842899409088
-3.6249999999999645
9.8244911653155
-8.806526647225567
-0.7563772738183054
-57.47018734129773
17.568224642543097
5.043387659515799
2.7009443849061103
3.044143626767534
-4.769775245605179
-2.317259303844623
-5.929172354230738
-55.66669964647551
70.4880234234476
-55.877863415153044
-11.774347061932808
6.210981785991237
-10.162832260878815
-0.5522231124801653
-4.97536466413053
33.43925397338684
2.8044940270447034
6.32608339842673
6.034521483720157
14.673864538551193
7.211415509828937
-6.6749173052121105
-1.4642975430380714
69.12500000000003
-45.71287611540778
17.911189491619574
-0.06865346357338709
10.874999999999991
4.893854406789767
1.104780971639304
-1.300358798357566
-4.743232866467057
-69.43393473510278
-32.32082911745245
1.0333761560614496
-4.701543637103437
4.831595039796666
-1.0211336136849671
-0.19981695863108584
-62.85697893208916
7.849873232301164
-17.30222311248018
0.6205908498731958
4.868773485600373
15.066076706013265
6.877863415153061
-0.8053458506741933
25.805679658438248
49.392788292001796
-20.68887396712122
-27.22591376871907
26.15805567148046
1.0991766630469466
1.3369679559856638
-4.934341166059907
