395.62499999999994
33.07053928544507
-23.424453925398943
-25.133451945999113
-3.3749999999999645
-1.756347322154845
-3.9624750216076556
-1.5816980533422065
27.68931087965914
-13.591318294890542
15.827596612578745
10.40181493091738
5.6977739831570915
1.298314250945329
1.0428407401995967
-4.941457277277585
-21.679648035488995
-14.003855266069381
10.629126073623889
13.953922923966088
13.488766119471768
5.1651136956635275
-2.7333107934525676
-1.9439772232653059
9.95099627589786
0.42687892312801123
-6.238226818095425
-12.353234742880414
-8.835246612964633
-1.5686511761779658
6.920279842936014
-0.1032910151705333
14.87500000000001
-6.020005654177632
-30.778678305656957
-14.501636769415887
11.874999999999986
-0.8242723070689795
-9.304795094835864
1.9925205382614228
-60.1204033679828
17.67740715424094
28.254634476098197
1.0462026888680045
-10.815623518304399
-3.1948622959758826
6.719226452285865
-0.6883447660217465
-47.43968919646638
5.171734567173901
13.516689206547452
20.53852779325141
19.172491715324604
3.5488542275283432
-2.629126073623877
-0.8217646314980089
63.896434446670646
40.17339658776839
-24.119730683567774
-39.18309056179554
-16.368676697743645
-6.672301208153028
-3.03893731074837
2.639415333746817
