440.3749999999999
-41.9994469040371
27.0475148400973
-9.552230635358782
-14.875000000000014
9.900877242684444
0.2969696528507342
2.566413736943634
-11.708004198422119
-20.490387067608996
10.265643022665696
-5.713351983046696
-11.565586870362388
-1.3041114872508683
-0.36445640425097436
-0.9267662619903043
-92.2410474047199
69.11079144678385
-47.03534899388082
-19.228590612394193
-8.664428503645109
-4.132304795670251
6.409456159513793
-5.39300574956001
-32.41558206009525
61.58058978954971
-29.33651350027221
-22.70363147241204
4.587926123976747
0.07001888189831718
-1.1398481628407637
0.9197478198230975
6.125000000000019
39.3792981847202
18.881496309619976
-11.679511631828264
3.874999999999988
-5.175329035962879
-3.0855059730629226
7.898629747646109
74.8828775217121
-6.081805889358279
17.71748682707963
1.3819417121490005
1.548915555539022
-8.556776167673599
0.01490347076662335
4.780707081959328
36.98980161720551
-48.55323533957865
7.909456159513763
5.514132559202107
-27.123954886874834
-0.1443492428309483
2.2853489938808558
-3.4758018062189753
-41.605526453384144
-49.61484343173965
12.109070872012543
19.103994194841263
-16.563559243919823
6.448706086488487
-0.6239452780537589
1.2507947076946313
