371.99999999999994
20.415593026882227
-10.033008406813735
-10.049414170172106
8.000000000000021
-4.904510630156729
-11.809476800807374
-0.5325520404052373
12.871029219253828
-17.31841494582735
16.081604599836545
0.9801493276831659
-15.531882678221894
-1.8195178246528352
3.121179114744417
-1.960982562069062
-40.744037199952395
-12.358581447122123
-13.481601717798219
4.240188523074653
12.56804454699364
11.845566713210442
3.3906114601284822
1.4002557571483458
-24.71720970536258
-7.526560208873916
39.18712185640284
27.123313943888885
7.515493076873426
-2.7263031772537625
6.7127690913113005
-0.9580494100877643
47.25
-20.79325400333905
-23.690244272643547
-24.12694302826759
-7.250000000000005
-0.03329910829350258
-1.011101529263449
-0.9513670336624784
59.976035264495195
-0.4864942381752244
-31.40226990816416
-8.012729917553557
-8.550545000716888
-6.915314328335281
-15.73475192031362
5.021536829982351
-21.27759226625277
6.088306049436097
14.64061146012848
5.860718566739633
-4.935256453800894
6.261527474258587
7.73160171779822
-4.988574944818031
-59.482319601460496
-38.74740930236884
5.617010470654327
9.771420785796565
17.847721548481573
3.424692975946164
12.979316860294546
1.11041533027375
