434.625
-41.96729397272355
35.09464886973882
6.76469157140788
-16.87499999999995
8.355808796924592
5.3522771518052465
-2.933111641236806
55.26100127767677
-56.37694909359358
19.66299806880799
8.064204668086777
-8.033277209193198
9.592219387086876
1.958961252625624
-1.9392386603169642
-62.65252217729639
-17.809198013613887
-16.107679464217153
6.99482527777949
-5.849862253575413
1.1906160156233838
-1.8184659018440525
-2.069488540309735
-48.602904289106576
23.956415069941453
-34.62640871876881
-8.889899602618193
7.985791755702174
-0.9016125985836627
-1.965900890393228
-3.5614299248264283
-75.87499999999996
35.12006490281884
-25.00161494034836
-23.153233766675548
18.12499999999998
0.821069173193921
-3.8503896393155843
1.331222288086431
-47.62580999652809
55.91156516411099
-2.2040349735130444
-8.445768475867949
16.01164029710769
-1.5255766182257613
-3.7707687473060485
-0.6805167337466465
3.897783321759623
64.06108114625708
-9.318465901844064
-14.232996478588417
24.74743141447599
0.18437606652648864
-2.142320535782851
-0.38109737514604536
43.20820702860913
56.51660546239877
-7.711714704885242
-11.95528758339872
-3.00141005376685
-4.285930571197783
-0.06340257892101109
-0.70757468556247
