353.99999999999994
3.3243540194002605
-31.49960930061345
-0.06027011365257806
13.25
-6.884615129898155
-9.412072774299478
3.149938472458384
31.625156066813076
4.306982545784155
17.63158031352987
-9.263450022894025
-16.49030093479478
-3.035134163968986
-2.6892506513536705
-1.380338161482728
-36.31384831230571
9.107495763157754
-7.9430194846605255
-4.021497061973373
3.2664074121909366
3.7438574665743216
2.834262274024441
-3.959466028483426
-63.6286148560889
-9.437353762917077
1.2591742716573062
17.324944358360078
8.602541079765004
-0.8061656800487906
10.667955844766002
6.28398225000696
-53.499999999999986
-23.133080940796848
33.84213718029307
8.636951717420343
-4.749999999999996
14.947794741230657
11.147746457030019
-2.9499260315351927
34.71954049334909
-16.781826757169064
-8.233621832510979
6.212494107284661
2.7564192981419007
-5.698420194757601
-6.019733932795164
2.3208983843306816
48.86644473205359
26.083950779143166
-15.91573772597557
-15.774287610649322
1.3529902503654898
-12.439272489573666
-14.306980515339477
0.033232540551957734
22.381407086595686
30.1383216258507
-10.214445512117784
-11.723117983278785
-3.29293405699126
-5.265605515731929
-6.452897225819519
-2.9335067093866245
