449.74999999999994
-37.45439179434764
41.0882590096899
12.380897941547232
-6.499999999999986
1.0848988865919296
3.8167357195164158
1.9570119780842141
123.55056863493394
-67.17488024346127
34.43972454023204
4.030315783126838
-13.79357569798761
4.197517411037335
4.121278341049763
1.2402982307695432
10.603734069770733
-72.34045021848519
11.20863094478901
15.256408656797417
-15.9493536285896
2.6914131547580507
-0.3750000000000009
2.35642304059573
18.540656181768135
-47.354730434303924
1.469805235163073
30.16064078551316
-15.808889633435687
-0.5840962811353094
1.5320897420265376
0.7945176187432093
15.750000000000027
-40.83146265345523
-16.05862272376856
10.938180473921335
-16.99999999999999
-1.133371115334279
0.4279441735364471
-1.2199735301811798
-17.18838070500521
-42.623837577856456
-14.748161168392135
13.75384564932948
-12.154589479398908
1.5565038116552632
-0.7941594658322908
-1.8967308187503353
-40.381751123218876
-38.68729282722811
0.3749999999999951
23.12285590212851
-5.841071719316166
-1.6815372639404624
-0.45863094478901467
0.5951166503277403
-47.721175876897135
-30.421759838765663
1.2459475743963342
4.8444829734091375
-4.453339489531444
2.8596357422400662
1.929113671459385
0.9577356462928588
