392.875
-33.95503860140245
-35.1246616310273
26.004993033308715
-3.3749999999999716
-7.56396313899689
-0.19848250764660236
-0.14018754127319966
-16.630630868006747
94.5675892715541
-11.669411069287223
-35.732437399034524
18.114123520986908
-2.0243662516948078
-5.737410856816152
-3.7221471503858203
76.17329247377188
-48.84049892582438
23.052223112480153
14.398249079477168
-16.30683200249473
0.6650688228875126
3.9597086912079487
-0.9955785017393595
-58.09811291638579
41.25634689933821
-2.4925070724547886
-15.83695037184982
3.400308836601045
1.3001369601333828
-2.45366720021938
-1.3265837535855143
-3.375000000000048
-67.21336073279426
20.23050372855466
18.70822523627603
-10.124999999999991
-4.6131730063317615
4.7442564105384575
8.5306847512775
-100.55759165385575
9.550564653371328
10.265360623872812
-11.656969821053123
6.50981394250179
11.778815517011633
0.3570473830669201
-1.9694196691817334
4.572828851509826
-63.99438888506258
0.459708691207962
37.960384244270735
-14.216837905892167
1.089135506142909
5.197776887519844
3.244810954976426
-18.517279855944114
7.820746068427625
-22.72640270110536
-1.2498671797852596
22.69639291420929
2.5435817011796127
-4.365134180720339
2.4905455832840433
