422.74999999999994
8.352172669317952
25.83463131759676
-6.7634363734185
9.999999999999993
1.5112078131792828
5.534828333728509
-1.1568885296361806
120.0730604174995
3.642377630634833
28.402085772903195
-11.011833212400783
6.0057260839541975
0.552942164885529
7.37439643278138
-1.0077345908306592
36.26557113665855
-14.922326523762553
15.821067811865468
-10.086960478513179
2.438198737770918
-4.745340251251382
2.6715728752538057
-3.598812681630843
-5.083481249243615
1.9457541646280538
10.70343716352507
0.20694936758864646
9.747222195732245
-5.217543478096333
1.312156324083017
2.3368688512646436
26.0
7.093999222011849
0.5111833388577995
-6.302431602298128
11.749999999999991
-4.610571593169071
3.847231679282405
2.5143906857748943
33.64312349306799
25.648412522973935
-6.524669560226286
-12.146475666230861
2.0739212705306818
-3.6566968358944836
3.321975316859571
-2.3324204284239585
38.556722502463174
30.947236660828523
-8.328427124746195
1.291858893070541
1.9666435658584114
-2.896777347526065
1.6789321881345178
-0.7523411881836636
25.36500782563047
20.063333221034828
-11.011437214278356
10.725232428166526
5.722478854061173
0.0028854133606341925
-0.2142364780049082
2.807369837670988
