442.99999999999994
-17.444002372058975
-26.36621201208618
19.657811167631287
3.7500000000000284
-5.059419531279126
0.36791865095955245
2.0135827144325287
-82.19678242191918
88.66794997540478
-14.843988552260118
-35.732849877931606
9.844515223499027
6.634697461287555
-3.6250961579504413
-6.0347860760161804
131.22653895211715
27.49885167017335
6.444543648263007
5.23522977679221
0.05885897825903896
-3.3753591935138143
4.222718241314998
0.844486223235462
0.14784252130255982
-3.5074149063123974
-1.255154430774135
4.918794462639523
-5.886249710565758
3.078961253771604
-1.9744085427456763
0.05281477429324166
48.749999999999964
64.72549473000483
9.568252353444995
-25.005154909437753
-2.0000000000000173
1.000785420029433
4.154641609187737
-2.3929037703570843
46.75017570243977
-54.039881817265915
-21.0669254366898
36.50789344190615
-13.847165271357952
-16.037589489257467
5.637345578539163
6.275070672415422
-43.80248822439738
79.34286563990574
15.222718241315029
-31.13523105255245
8.634757415276818
5.701744219512369
2.5554563517370097
-5.945291544307306
20.31534331148729
-53.60585388788164
27.76986765533512
16.582816959984616
-23.02864733992982
-2.74578283495887
0.17440712564069916
3.450845051213175
