843.25
-33.33915746453768
-79.1982897257806
17.231439272734406
-24.249999999999957
-10.262945102889532
11.96895586554325
-3.4641070941726397
-242.1469045236424
16.619640012716015
78.95448212150531
-6.125880879175593
23.328984904629
2.6262902770388123
-9.818115499043726
2.0684589377889813
-22.111433514898945
-57.4772725223968
-39.806349186104036
-42.138897675744424
-0.3730680267082258
7.719436066952424
6.7855339059327395
5.497831075646623
10.442338725896413
44.74543034907552
-23.92932023868124
56.699507070507366
-6.840922498869682
-11.871512005111317
-3.884640776126936
-6.393960885395098
7.250000000000034
-29.65772485571432
37.590881714371164
-32.83938309558139
-12.750000000000005
6.105435506145868
2.55941632724228
3.4594698386710077
-95.57502651036728
22.447261744294156
-10.707756270019393
11.358195724980645
25.552613299701104
-8.936051103216808
3.898905838545204
-3.420568882031665
25.665336699840893
-65.73038639001827
0.2855339059327271
-20.050493317440548
3.672304487300588
3.389648149447284
-8.69365081389595
4.4005584305037955
26.028801338020596
74.29816666788092
-4.914046420976636
22.0397089540683
-24.975471892238303
-0.6791817380747034
4.193589944658363
-1.383095980006603
