395.49999999999994
12.784071592394383
-2.9137367411142705
8.480972059724763
-7.749999999999986
-2.7262304401743407
4.724683926304515
-3.8514015669324895
21.990749722001024
-38.74328912052676
7.680195729458501
21.20267441938853
-4.593945352636195
-0.272843873051154
3.772866422825712
-3.1435352226018374
81.30586489090153
11.941668842594511
-1.121320343559649
5.225393597572311
-13.319813174636138
0.822925399176273
8.810660171779809
-5.262936653144008
-42.048087503304465
-42.33837037619121
14.558258762135228
10.483821047756214
-4.019376680390284
-2.8505847188326836
6.144270032864039
-2.79429285983335
6.249999999999975
5.19608956498539
-0.5479952186900301
6.432585911063894
-4.499999999999994
-1.710906891824739
4.5565558528666
0.2651213626599181
-35.84458748211633
-43.06230885796485
4.483301282244709
3.5887551093875008
3.344729881235979
-0.3208701438539667
3.0049018011886974
-3.082273721781346
0.9585584710706478
-6.988806587593187
-6.689339828220182
0.7969178335147176
-3.4124883872021217
1.1728022021752271
3.1213203435596455
-2.522327896815811
-8.683652009129588
-11.704195394381653
10.107947590172252
-1.483252781358721
-3.732031513759504
-3.440723862813276
3.005842707603035
-3.4196617833754916
