434.37499999999994
-42.81723990488351
-26.27534885682337
30.282039302783247
8.375000000000021
-15.076739098777338
-1.699203475818539
4.084911350291051
-132.79525226389734
48.71224583319324
9.66716042156186
-40.0702498795208
-5.128078027621964
8.751275906969754
0.8410587021608436
-3.706019849037455
3.8168772450738464
30.107104304332033
-1.2045048711651125
-6.951502631446154
-6.586866099812477
-7.7890283842422425
-1.0301451738380227
2.2831486720865777
62.34154929091229
-39.93237069917349
-6.87348964224941
26.886780144849766
1.881666855259148
3.526119355329117
-2.7343863630496568
-0.7525327814277389
-88.3749999999999
35.48244877852886
13.354633638752988
-18.520889350482086
7.1249999999999805
-1.766254567313986
0.5567857529492937
1.6325841937597305
57.595356479931596
20.567503938883288
21.663055242832286
-26.85902677962491
-3.445869542672634
0.4940550044284908
-0.9123418291652081
-2.3656138729837997
36.97921981459362
-71.81690477023544
-42.28014517383803
35.62293585419203
-9.042645906101855
-9.535116343146663
-2.795495128834885
3.92458115184258
-8.575524481117045
74.40883401600847
2.3820732541447853
-14.318032733159495
2.2024142851247266
6.614778963023586
2.949118163689967
-2.5930809824715113
