360.99999999999994
24.829256381187065
-9.057069014587235
-7.587418408285494
-8.499999999999972
-5.561662731885757
-0.30740992990540406
1.2775042511260981
1.24211150290362
-16.157092411739363
-4.466943900630652
6.867636468385669
3.7645812039772717
0.3055807324955899
-2.4738387770391603
-1.2117644066694748
47.58096246864899
21.808854230371193
-16.36028137423857
-6.517594881547379
-3.3524628646253314
2.2199914631996442
1.0015241636024603
1.542713363049642
48.22273905243346
-2.0453213109385926
-4.217992371356781
-3.1400345058923813
2.1892294895527717
-0.08764160848090974
-0.6572978562924332
-1.0851726058945907
-27.749999999999957
-14.575212717589265
3.2335783637895066
1.1205639009634045
-6.2499999999999964
-1.4867714282920728
-1.339392013277814
2.0547558251276916
47.809209406640896
21.868551018989447
4.83058909677194
0.6424359457148106
-12.10577435773517
3.0949857942410492
-0.6043101954672406
0.17434860317147927
-38.65054347039658
-34.317876863597895
9.251524163602472
1.5961180014906509
3.0122238863185538
-3.7511758107567195
0.6102813742385755
-0.030371669027823733
16.34561388285048
9.018313147526262
-6.878348704768186
2.974749353394338
0.781300070609888
6.0842580552908165
-2.4882867677463194
0.2021411233907025
