463.99999999999994
-43.46832824556155
-26.217314749961986
14.788392004802532
13.750000000000028
2.663315887586805
-6.458707866239983
-4.311571631242678
-101.46736542303759
18.284877920700367
12.420666653092315
-6.56040236069251
-12.659022445357245
-1.5676735001225097
6.098778312313215
1.79357310575868
-97.83322649946967
40.64153315854976
15.992640687119295
-28.6461962085541
-7.417066189947915
1.4490232432953114
2.8847763108502598
4.573318809799389
95.15546203761122
-33.419727863854845
-10.834394100036349
13.812318198533138
11.969011415133995
-0.23935702598359399
-3.1066593465410186
-2.1830263264588945
3.25000000000007
-48.34077804053047
-19.10085937137554
22.36332531726456
-3.4999999999999747
5.121846990699995
2.229275953069901
-4.603535879540759
-93.13972873667339
39.014501778409986
23.659844156369786
-15.140637631329398
3.1207411552095525
-6.762065666839016
-4.891564534284937
6.118854369282819
2.910720306638371
35.61301301317126
33.884776310850256
-13.19827051479751
-2.8809076927128308
-2.709924907568653
7.507359312880723
0.26754166985405115
10.973956869577123
-73.1077074995871
-56.04316018930621
13.5290912669848
14.616014884862278
4.10812218735639
-3.153582419828498
-1.3351304523945544
