344.37499999999994
13.416711835580799
12.048070673876559
-6.437411706636681
-0.6250000000000142
0.3030691670729766
0.015589652803008391
0.8045017838465327
-28.973000691600443
-6.179564315791984
20.571711039631417
-1.7346612605180092
-6.565688641014385
0.4570204162840174
-2.0782507288855974
1.47808918291958
-24.13446144482338
-6.779870674634786
-13.19346590184406
3.0813769773723783
2.2064039832454627
2.344872618510367
-2.686737918198764
1.1875740597901392
41.27882960686647
40.58321795498629
-8.881148322456445
-1.8706087890354839
4.149646718432425
-0.8941824204300921
-0.7722653573009555
-1.5562793804475148
-10.62499999999996
-13.36918103692875
-4.376820958056334
3.092020455315589
8.375
-2.7145179762391507
0.8658454256498949
-1.6653228102708968
-9.216097594990552
16.261230668796188
-0.041481401354950265
-3.5718519500937873
2.0984050369526246
6.423909647934575
-1.1389834191146533
0.9285191983317929
59.65156343942988
18.412118088399865
7.813262081801231
-8.921598357920764
-11.33194738174858
1.2611915903962938
-2.056534098155951
0.251188823594622
-27.586219428029853
-31.199580346744103
4.700907134883883
-14.302321659629534
0.28523864105266217
-2.9396125488666636
1.6558555721309396
0.12626345689287155
