495.99999999999994
-17.29129184347518
-17.698625548407904
-11.070735168205204
13.999999999999986
13.91770324855397
3.0014419363438094
-5.195920082567259
-13.174776911028722
-12.148686883858673
7.17276893460855
3.5890344992225907
0.9799319236494783
-9.147225328478253
3.7767750035973133
1.6784345424119869
-189.142570234374
53.73031415127805
15.36396103067895
-5.508282016819187
-16.0614390108816
-9.379199878896618
-7.343145750507574
3.06404738868061
-4.381485657814739
29.201693168852305
3.217634690162048
-3.5241236531527482
0.8304715629199046
3.6043773683384375
-2.3454560227712213
-0.5658504764654033
88.50000000000001
-24.79752813922854
-11.277896106318007
30.488382487280838
13.500000000000014
4.219772663286646
4.130261422125416
2.6428488726398798
60.17926793066394
-15.148615617601855
-42.9846350621546
2.5424545380877777
8.743422310452683
7.759405027391347
-0.01950353179865716
-4.401860221740992
-60.74197992438937
-19.804908168615494
18.656854249492376
-16.594881828268974
-7.41823273426567
-2.1563515276214384
2.636038969321088
-0.28293336247334666
-19.414776540160627
50.11651171216132
56.874201897417514
-23.749221280928456
-9.805744067090124
-19.196499406710178
-4.367945300282435
-0.5865944903798888
