376.875
30.379934528501906
32.51153570127447
-4.302315747261687
12.125
-4.734762857516586
-0.8839096926459433
-1.301605907285893
-56.26830113167941
-27.63652511567845
-6.334103794862406
-17.193537703806378
-11.617503695622837
1.9584528350796082
4.795255205467212
4.1402065441819955
-40.35421297612336
-0.1309868269511263
8.231155300614695
5.603902001650472
-3.1891424940157918
2.1903642148045446
-2.689786245403699
2.3574639228382903
18.613057588450744
-10.33087784620816
1.9715478645310567
6.394088632054893
1.4857598680680977
-4.580436897011586
-0.5455802896855171
-1.0649410060977653
-8.874999999999961
-1.40144473126513
-21.550664930518725
-3.786998422244168
-5.6249999999999885
0.2744095297285054
1.2145332652957852
0.6571111208338728
5.180250438099227
4.531562593002923
13.14126163892519
19.64622250587543
9.82352001387865
-1.7770792741710195
0.9627606911974442
-1.9145087909971843
-55.9403141310244
-27.647866494476
-12.689786245403697
-1.7108278193208086
3.0798733988368387
-1.8195533727591608
4.518844699385321
0.9780415461689947
65.5660726318286
54.86686594706901
-2.3112903571168655
18.125178109709378
-8.522738998324057
7.839840709288474
-5.819215502936476
-0.9804842422054225
