539.7499999999999
3.542719090000233
-12.175745708971732
-17.337372147928974
9.0
5.540591115229212
10.455320006123962
2.2453326139809597
86.33665694982115
-33.185492163246764
-4.755698506389706
-2.77899700731351
1.274150766660732
-0.9370107696530035
4.712907558659534
0.4489789298231406
-157.3952934753172
-24.542584323986297
9.644291116568859
-2.325083667686684
-2.1908143304423966
-6.551308279983342
-10.60013523928449
-2.1150564039349313
-114.37648991556371
51.13183095830111
19.06229615169813
-15.377166753507836
-2.07561433205624
5.38136220043274
-8.207535598886881
-2.4771307300301153
-61.99999999999997
-10.308951202037592
34.35050423203784
12.645839591455092
-3.250000000000004
-1.2831044657958997
7.148801228510332
3.3966025777309
22.464809676407327
3.7522569958772216
-14.94856684575601
20.774760482634576
-7.477710880042494
-2.8550662935257836
-1.924351879891478
-2.327061491619527
106.05557077220763
25.154939469833828
-54.10013523928455
0.6984796821988881
-0.7161232921280074
4.810168109510626
-4.144291116568874
1.1026631524977735
20.259751911774803
-36.15762278797504
-25.216642539237576
18.89590321957369
-7.0729912316412555
3.4458767268394035
15.21168028281061
11.417725210280402
