439.875
32.64150629804986
41.19553668915343
-3.058621494412108
-1.3750000000000426
-11.918734428011966
3.0958047245599616
-4.762685249185905
-58.85965567003364
1.5201658327692869
-13.495961835430203
-19.03678841047482
8.114475542260838
3.6433151846521152
4.050132603163144
0.12945748608497065
-59.900797736916566
-12.885883606347097
-26.682426932522997
-6.359069460573551
0.9094564240259722
11.281448398521887
-1.5638934110366556
4.6359211021871936
43.65203352312635
38.06490657339254
31.68097445304922
21.67994508164318
-9.758052750396196
-6.60330665283963
-4.600572225061719
-3.2365050480139006
-6.124999999999945
-38.28256813403179
-8.653163355192929
-11.565992306544855
3.124999999999985
1.3694051719063998
4.260752744333536
2.2605372156438284
7.402803954989128
29.4791457351332
-18.38382131873696
2.7610242019430737
-0.027278853941236747
3.414093503231492
-4.735924671417042
1.061858246187583
58.23058200362599
33.073345815792244
21.18610658896333
23.822494097190955
-7.276959462082894
-13.472695135245715
-2.8175730674770314
-2.599510372379339
-106.94123104446166
-81.0062116591323
8.043771928968743
-20.14026685744718
22.619072683438244
-1.2794290975941163
11.107875463957562
-0.11420441764397005
