586.1249999999999
5.210557994536401
10.632238613821244
-2.103537668735072
3.375000000000014
-4.6720326431373636
5.743409445509393
1.5115639725934287
161.47038641232578
-14.265821590011612
-9.256468524101464
-8.785095663693173
-2.6827736754150635
-6.42731897212008
5.019260109279136
4.314545303229626
8.745534727693634
-55.12902461101535
-3.734834957055053
-13.884409461043116
-3.9380948345452556
1.0937092358371903
-0.8515828098072822
1.3517337433275105
-73.60798648896177
-11.787190908225817
4.7895262869428725
-12.15322890364192
-4.2109894548586135
4.597604251713751
-6.951189739760366
-0.04170044220325719
-60.375
27.842319836471756
40.00504193799992
-5.548065058086507
9.374999999999986
3.034070902580093
-6.964400156429004
0.07819202623642285
-103.29439920322321
-22.90373604042682
55.256348190071876
2.6457012905700563
11.624842669351679
1.1761996766510765
-2.317454556602924
0.22626505906479516
-57.606830083998865
-11.119627180041588
27.898417190192728
3.026304577154078
2.5783054656358955
5.278962202129194
-4.265165042944925
-1.3012937417898696
-40.790724805280966
10.862642342085941
22.703318172510578
-14.08613699517047
5.578604317424675
7.160340818936833
-5.693500733259396
-6.257149182997586
