798.875
10.11089699429985
-44.3006151464504
41.028279928219746
-8.624999999999929
35.39272401682187
1.166939435488743
6.972631839657179
358.1632955242815
31.07659512893359
-17.567166567816024
13.724568541172417
-14.452869469154685
7.055848466340823
-6.913413118774017
-0.15246691732371964
127.15616152701107
-2.468833412064953
-14.250446417183511
-20.60131340132313
-37.41911248242252
-25.85648583090417
-22.88191289569721
-5.607895259424064
136.78767156536736
33.281598611224226
-89.74483726722545
31.00355517713341
-33.97049108687706
7.40151677253211
-2.6182252856038994
1.3855059961141944
78.62500000000001
31.414362023524028
-72.7263252953731
42.72550711267197
-14.87499999999995
14.762667401935191
11.588263848893748
2.1319127092428105
-239.7616167575463
34.99317366032614
53.80126113303812
7.866875700966439
5.560427736895701
1.3092604874841989
-5.780422945270006
1.1554442717255666
-143.45545244331672
39.09434541757201
48.868087104302845
24.636729296916336
21.046763908682294
16.03279270411931
3.25044641718355
5.676502707502192
89.69735936313162
27.312892011110662
-20.222234439008677
55.57030587315795
16.756027059143268
54.345888884732105
13.993059115970052
13.610589206448756
