531.4999999999999
31.76454901502285
15.01585869042141
-26.245855445503565
1.4210854715202004E-14
-6.927911890658017
1.6275711318692885
0.893047950120426
-89.56848135238951
27.27319022365579
-4.727283311076608
4.647824880258387
-2.918202809025649
-2.801969863382187
5.1956188257242815
-1.7310280905226696
-32.503911711333075
-27.590104898196625
16.844038584874674
3.701873846221094
22.01061328105898
1.6006745139893797
1.0376893987706302
-1.565409677778112
-2.652459643172497
-6.440397642810785
-21.554386908747006
13.823700540308488
-15.568102840853799
4.520314234720495
2.8976569664417
-0.8093348736059474
33.5
26.79905295246699
6.443943084834432
-4.500443014562536
-7.500000000000003
0.9230100142194584
-0.7749822703870612
5.057650248603133
-43.20119390751993
-42.55767448427792
11.193532993827866
7.66854651286132
5.9080673671007595
10.080105381978948
-3.0109479725391943
0.23422355964797492
11.028178610353784
21.189689142453787
-8.462310601229364
7.9587508423370945
4.1422099164178405
4.703072323154827
-6.844038584874675
1.7623975638611002
144.24452658951333
64.41720418761815
-37.440827567086586
-5.37265133907658
-24.60361774796122
-5.485165761857736
-5.195552821587201
5.823003854056759
