527.625
24.60852151396037
1.0939990216646436
11.5062715759001
6.875000000000028
-2.757909798795744
-3.5650268078371283
-1.798003576272965
217.1588056667491
34.7280258134205
-14.19832081891736
13.585511466628187
5.942307660006385
-10.723777983466874
0.5400243876718225
-1.249750755392113
143.29432363578505
0.47526322457769155
-17.763009550107082
2.8719440019217473
-0.004807702828440341
-7.054900593553205
1.5491747852751931
-1.1951893550120118
34.947931386933746
-4.7620752293037505
-24.288926928801896
-3.7356035538164587
-2.47896944662257
1.782787919361679
-0.09547697620373308
-0.9109149604359523
73.12499999999997
20.286086049997465
-30.99041737747103
-1.9156464029197258
-9.624999999999984
-3.234364886776769
-0.016756197120859087
2.3783177689839277
22.665717577464655
-1.225124008885122
-3.594207925784288
3.962612941863246
-2.2942169993632664
-2.0508231864833144
-2.3616558098763276
-1.2443082763373823
11.136339783020345
17.662992889749454
-4.20082521472477
8.385426537867973
-2.2980920099059245
-2.391185699825386
-2.7369904498929323
-1.1985397121363126
21.345912017618147
17.430074267109518
-6.114217194849325
10.70601103050057
1.7227183508553647
-1.2784495640507498
-2.674055290054986
1.5584009268793322
