657.4999999999999
38.457445074453176
5.163410049815639
-5.621762696308238
17.750000000000043
-8.073355906112738
4.626196781100127
-3.2197246691364434
-172.30662812546782
-2.5713922887463667
3.2949582974392193
-10.280133469017922
-22.73557922717564
2.581626599690466
-4.177461399794868
-1.7402402476172494
3.994479198611265
40.868511324589214
-7.048097038856286
1.4151897694543982
21.746814349529703
-14.234865997886658
11.901650429449553
-0.4008010256063592
-62.06091876795142
-17.384274661966604
26.094835614311762
-11.0417407530162
2.730087295674612
-6.694265650283745
3.3425861669206065
-4.329121470419269
101.24999999999994
-3.3680234793663857
-16.992117661936724
21.722423603613763
-2.4999999999999867
9.437672464982809
-3.7855564139103546
4.39864400370222
-62.68959274035714
-47.85159638644935
23.194912026713887
-12.500614836387777
3.0792223133454266
-12.754200793002218
2.2386457093007994
-4.098740756033859
-34.12633346745399
13.329800525929674
-6.598349570550431
3.0385797276080124
1.5454985108658015
7.988033167730574
-2.451902961143708
1.2225980032565174
-149.59447926898108
-27.046589433721326
44.93908469164762
3.632839494376744
23.21709392899571
-6.599415612149322
13.286908089855741
-2.1326661652352548
