394.37499999999994
24.900819314214942
7.72248470413777
-7.274448044320749
6.375
-0.7846101515839692
-0.6280764239783281
0.478006319341171
120.18700291532396
19.864372176465583
-3.455050735819288
3.5795295432918053
-1.4520427786866197
5.303823773188198
0.478192268853058
-0.38430163706026743
101.99267581148575
2.6529928079478964
9.83991251125077
0.8014247847540794
5.7722556624801395
-6.650822067095884
6.172019292437314
-1.568072150883551
20.67608801248801
-22.56701658331417
-3.6850190292130023
-1.7246063639187295
-0.9261634140548658
3.591340269508759
2.5555521714430003
0.8739725250752939
-18.624999999999982
-12.345435757741384
3.6771121901290185
-3.4873093884175863
1.8749999999999987
-4.258722901877289
2.671160036614146
-3.369668889662742
-0.8748931389337918
5.813211810306992
-1.9264223430257785
-2.4693199022710823
-3.200351995785462
0.7215580367137833
0.3744774079837955
-0.9907449514058729
-10.180880650177615
5.128550212829723
5.672019292437336
-4.029737883277384
3.1563134456143387
-3.946706409486192
-0.5899125112507848
-1.6984572001366103
4.24332142633717
3.555038191159926
2.7072207488229214
-3.8800954050964664
-3.198287073169364
-2.1076547920904813
-1.4725365410197235
-0.3613238492606466
