690.75
-3.543608279646577
2.7416258362454187
1.7224913235343422
2.5000000000000284
-9.353068578309006
4.005744347063384
-2.7606108328074264
-67.33372344882034
10.312984510513406
-24.35308526389243
7.13635066485732
-6.907081853568979
1.0209285159551111
-2.150303713724968
-1.567914263987496
-5.854186757926361
35.60473467957537
-24.526019100214143
-13.208549150455218
0.06682464112064324
-1.694198949165222
-5.5303300858899185
2.1890689424781846
-90.42373848948003
2.288197117194594
35.73487779688825
-13.6493595422366
-1.4540113489357074
2.573983185151263
-0.6563439131508435
3.7382099309539445
-61.99999999999998
100.77998428389027
22.58182214249361
10.463475919291493
1.7500000000000036
9.888003176692202
-2.3181476926173126
0.5126720227927475
192.65145940237315
34.27829436354162
-24.882473774210567
9.99124507472933
8.746135465214381
1.1463112150317016
-1.1008401359145292
1.7379445855004154
68.18020971956088
-125.89365139026512
4.469669914110064
-18.815290600927725
-13.557582176307818
-11.97113967693815
5.5260191002141354
-4.784345188951816
95.5288301730934
14.349347625590472
-81.08697245422609
-11.470675984260996
-9.3572531059806
-7.880153629638201
-3.308277747700336
-2.3099361833084693
