970.1249999999999
44.084384957856855
-101.0648134475438
7.247411942298143
-19.37499999999993
-27.0990761465993
-1.297972577980012
-1.367331352276782
-274.9826423095008
-53.34332630934304
95.16738731250513
5.080521179321361
12.993953440634888
1.8942879327611815
4.324178913234583
-0.7620276842595146
45.81561769755007
2.9947448944278525
-19.20019388548934
0.18099205714946365
-14.979388483509322
28.51903176205039
-5.473795987733984
2.0767947137830594
-7.51952359288152
-5.820367794868606
-28.985976016220842
-37.98741185602915
43.60366900621746
-3.400473979832645
6.32412628380734
0.8348030116135858
43.374999999999986
21.80461631764293
7.4983139395538405
41.66883917067972
-20.124999999999954
-0.3881699930204219
-3.782398453877178
0.23102697877862788
-15.983374883495207
-62.061462414500575
13.119089252995195
-17.160511795814497
-38.90897768008191
-28.34621908875991
-1.983342314472627
-0.6721355167277836
-63.49082945585094
90.99057676705476
-6.723795987733936
52.20108935742481
22.305249845274304
17.88371316679639
8.200193885489359
0.9536817231762296
24.69002674674151
-83.52206550024138
9.99012873399154
-66.04252021090201
26.36818497867699
18.80718058220841
-9.582101454553346
-1.3230427458679879
