653.1249999999999
-30.072740311826863
-36.58012185802794
20.43557352840834
4.375000000000057
15.244207726446689
6.086947909406696
6.180150119163017
175.61280010705048
-9.54433147111208
-33.76155379754483
-10.255981436570533
2.2520353646035005
1.4709773226950453
3.2054654162299023
2.931796835310215
144.0897032618036
-29.64785645447595
3.845116331293596
-53.38924725283998
-14.035594793844083
-23.65561035244879
-3.818465901844082
-7.060093894454276
48.26474878023009
-37.53393150643815
-16.1953983854114
-46.40116608050566
-25.726199583436944
-16.899956964006527
-8.816313005309716
-6.962380327125222
233.37499999999997
-51.281815858208276
-67.53173593995126
-2.4701383450093033
-22.87499999999997
0.6649878571455936
-7.881680717759211
1.855820570846892
201.03038810101742
-64.50602692851402
-68.26330268352899
2.171110847858941
-22.791207273984234
0.2767974097411674
-6.1008442337994175
3.2689995283571527
7.830304203884132
-38.16803355497206
-7.318465901844069
-43.721813611994946
-33.558282566052426
-20.346994774026186
-12.595116331293612
-8.639391828986536
-88.01706666151075
-1.9971353528242926
25.35295465626865
-55.773908357490335
-17.999010047889673
-33.287574180931294
-8.022971353562054
-11.831299858123304
