1025.4999999999998
34.85542922509782
-107.70490595138921
-15.601592330409304
10.500000000000057
-37.98074865125254
-3.2830220837545667
1.2357597583147708
-246.51356287668622
-29.745626393757036
122.35218741965949
39.053669786776304
1.7045972248733943
5.3437516795901665
5.094746791098632
-1.2974416223417093
-38.026791550769346
-85.3385774779562
-30.34556274847711
-7.350137297131196
-6.330691158224681
18.682772724006384
4.5058351492782505
-1.9759153712262312
5.264885439929522
150.75522392873273
-42.795385272838345
-21.690620823436234
3.506065303066517
-8.686432390523223
-6.554153111876531
-2.4048622985381156
55.25000000000003
-56.88689059382611
23.848756940424643
-28.57076057278922
-0.2499999999999929
36.793040138586534
-1.2193409681242304
7.582250076247523
45.010995690119316
37.025812817993966
32.379161401998374
1.9228478303761727
-12.794433215535278
-3.6252431683864272
-1.5257445206840858
-1.3411233351393292
3.574300540573624
-130.09602249847416
-23.24416485072174
12.251712906528216
-16.590203418257897
-24.526893063342133
3.595562748477132
-8.22826926716337
-74.7795397560761
114.31183859855767
-51.77446198917187
55.752595584281806
45.54370794176508
-15.067280732679613
2.91564081931525
12.561490385579706
