530.6249999999999
-32.95040829498369
2.3637501067087356
37.329651242990934
5.875000000000014
12.051197429796602
5.379956824458056
6.668873351519132
-47.20552286988226
-1.270665800594621
-11.24486760900222
34.86617795478655
13.88995223622759
14.387064874631418
4.512050561479032
7.867154011737577
47.37946352652674
33.77235457240012
5.706029034767596
-0.619039819549827
9.358504697346344
1.0634320154396941
6.052854441715565
3.0534578401640404
-97.7625512894052
38.355101350367285
22.552130257495133
-28.50010525348297
14.805646593738045
-4.767577732421178
11.198014005848286
-4.957040123869772
-72.12500000000001
45.34988801258088
18.606915428116103
-11.916472765847322
4.624999999999989
0.3249353973222746
8.663945305167598
-2.3382153567964075
35.458432922357325
8.775952442897376
6.642372455369497
25.70424767452684
5.958281391622971
8.272183192125105
-0.3573293129593842
5.7770440497248945
99.03202858640482
-25.862304083172532
-12.947145558284426
53.29298943176829
7.894595609006661
17.710145094827965
-2.9560290347676235
10.20120725992102
81.81616106038044
-38.16102058131446
-6.50709232629589
43.19099242601101
-1.293614577410212
10.047265635759022
-0.6958510931073301
6.498587861952439
