970.0
24.581700854374873
-61.894779302507715
9.837402605462444
44.75
-14.855648258021986
-4.3987265309258845
5.468108257705726
-12.745524429711182
-16.235524213152893
66.15720978269776
7.754363518538444
13.369251491135362
-17.111336135829326
4.77590399925982
2.750430144445752
-257.89748844832286
-168.49559843061814
59.4662517628014
38.75360169310763
5.0496749247284
10.914085009164555
15.40254326381665
8.966350674638186
37.75632714867391
70.31152574341827
-74.06468878084206
-57.883505601250235
-13.504285561539142
-9.610651722674483
-10.906041478305058
-4.110767293347246
-89.24999999999983
148.00593643178627
-3.940086250260677
-16.282899014252806
-23.499999999999993
5.505244297828245
8.12639036353206
-7.136334203420871
50.77381585635804
-35.238475111570196
-12.098135317254632
-14.638086667518916
-4.40969949975136
24.451525085910777
-10.912349860064232
0.23257560840887503
-3.3087689624973677
116.53349334926921
24.902543263816636
-29.492931387972952
-23.739487845245698
12.096171428664134
-3.4662517628013596
-3.1501638116946085
142.7660883775926
-176.77700480039866
10.920850405218744
72.19028627083881
-51.46675564246369
-1.896394076543988
9.202458292883179
-10.832495271507646
