574.1249999999999
-74.93767965760466
12.892693872497233
28.929765529256457
2.6250000000000284
2.263803614532435
0.7481274691317097
4.150364700997567
-42.785158160120496
-70.98634153940687
-6.63330033948453
37.44742215838669
3.2350973505392284
5.444845223284771
-0.024631597502270543
4.819692566114912
66.30462945632806
-20.344869971406347
-1.1150387770978867
14.339390945174195
-1.348182547537041
2.2254607289228465
-4.583184527605496
1.5230317100062294
14.174978502287985
-6.6112586990282445
-1.6393108535207572
-9.666520038003664
-3.3920875222366744
-4.07678702085844
-2.4928418770483667
-2.2620038991041755
-102.37499999999994
37.02623552347605
2.6179336325812095
-30.004392601999385
4.124999999999963
-5.429962281300007
3.380484210198344
-6.557233957151599
-116.4848568764277
65.66848832449277
14.396599179486753
-35.65216581839972
4.2086211805632985
-5.94565532394118
4.830279122110824
-6.070520973052656
-104.17882396465723
69.10933200392172
10.416815472394546
-33.96221149604203
5.564499422096841
-1.331289057641003
4.3650387770978885
-4.638633617478174
-53.64900599406543
51.24431376857366
-2.6250656343659493
-17.985582949260337
4.330461307128159
5.040937732998071
1.7284343421535269
-1.9014830986483071
