931.8749999999999
-4.3925266874209115
-4.241521933019925
-24.246232899650025
39.874999999999986
15.218696175578714
0.5392046844305867
0.5288536580694583
243.6817908305171
-4.8952753414708425
-23.914712926713896
-17.88275114261701
31.054873541528057
-4.257622469157191
-2.794279842202439
3.048843554045371
-270.00655104173126
-142.94248716816008
35.478368478541384
51.90795179875293
3.819210333709451
-4.0386189168418785
-1.313000576669559
16.592635403818424
-46.28615545269214
-148.83331541549353
11.363720773487003
47.77143020811448
-8.283112597911742
10.72576005649598
-10.058897300690923
17.882810062146902
-13.874999999999915
69.07492673661115
-4.475308103260637
-15.739183505006364
12.124999999999961
-7.518712732006174
-7.211301365280039
7.6298137448495496
-41.26136529576842
-7.153625342318279
31.979853044183542
33.1713497252855
-4.990340530040321
-13.199469561881926
4.737846506413957
5.789050948592638
-84.47850995696473
-12.690618160793946
55.936999423330434
-4.701919100028392
-0.9054735925952206
-6.916232306184894
-7.478368478541355
-0.5145949861714446
-154.58804567291253
223.49443322283494
4.095168031800455
-84.36474389492889
36.55843098936618
16.888064137554203
0.39918619478256545
-9.676685304761603
