1000.5
47.23370333304035
32.49312976135829
-40.73798350866461
13.75
-0.11775344824545186
3.317984073428434
-0.07143682194278256
85.14942121049096
-55.03290803978807
2.1468738259097577
-17.78139435976059
26.208440185018368
-10.993547773430254
-2.225427922770667
-2.031421475551653
-217.8276132849177
-97.24070105098079
-9.014087296526014
13.009226693583098
24.8598584696881
-9.972557999824884
-9.847718241315004
0.172252774576509
-301.6079992994755
38.92255408184533
11.214922618351295
-11.32950761128928
-14.783791880706069
2.079947988295263
8.432250221549364
0.14442756199968443
12.999999999999945
67.75547704162892
6.875870089801701
4.280272694462093
-37.74999999999999
11.381230374054722
4.187470657589214
-1.6483906378764432
130.41561346884734
-61.13669842501509
-35.82455199534067
56.366897738858384
-18.405401588881325
1.9443614763353088
-2.6665951062885185
1.2678553251908702
-18.282666397338026
-20.1320244827078
-9.597718241315036
31.16561114119
-24.90958524076774
1.3632939123957781
-1.235912703473991
0.7564377057975253
54.661079294413945
105.25552827501143
10.755340976274237
-0.8517534699152058
-34.459009751417454
14.210876503254875
8.147051955037398
-2.081945825257879
