640.3749999999999
-82.58320681706451
13.004779254789241
32.88919466291277
22.375000000000043
6.765031476437329
2.3252884840811774
5.644614721819607
23.875437111471143
-51.36299552272947
-22.929341833799228
22.58010606751856
14.451786139937932
7.910931483747429
-0.35734902002056446
4.547091124203475
91.17040355135705
-77.74895676644039
-6.445621394681957
37.62230085800785
21.534250406318026
10.065829368990215
-0.4523493783272663
2.741751184418784
158.90083490673467
-32.56340517283124
-36.547822959784966
6.080023433566687
-0.4707146909055737
-1.8859269698948804
-2.870738178390642
-5.315334991313062
98.87500000000004
-93.0646100648059
-25.16974301378638
12.313561169876902
2.3750000000000036
-5.510024170918406
-6.216131161739815
-0.23811433643412006
70.73904995477562
-42.90738325000201
-41.29317458910833
-5.599130405491345
-7.913138926331079
-11.202606435597117
-5.82689913739635
-3.598046244396946
42.73890225874638
-71.10828726887698
-12.452349378327277
-0.4473920167962575
-2.560724397117447
-6.591271694917944
-9.804378605318055
1.6326478342817046
17.96628732305661
-34.166112311392915
-4.5539973454675255
-6.876290412181726
-10.055796208050715
-6.197175691166397
-4.630353218872561
0.9855785247599642
