912.2499999999999
-1.291643899004555
19.605243591689373
-51.3069734815553
17.99999999999993
22.933920031485712
4.867948614202575
-12.312044517080714
231.8105798028202
118.84085480622637
27.20579419008442
-58.38880726110905
-22.233370033586368
-4.969545992302368
1.7921777619094108
-5.180787047789967
173.69410119314492
-83.74809003936522
-74.47145558284421
18.336786308313282
-3.3524628646252737
-16.110162721963803
1.9991071656329016
0.3978633826474951
-122.21622311403364
7.70782812343522
17.041822682834976
15.382935948467619
-29.800113056756512
-10.369919566947383
-2.1607362725599035
9.03905716511586
206.49999999999983
-61.82364280964154
-46.10957091592523
-11.326873523213823
6.75
13.319508928023353
-12.019566129826135
-3.241112131857724
-6.418741141740776
52.43886489624198
-29.15428274625878
-4.708014683571626
5.972898606682939
-8.168992864663647
-3.3054892672357665
-2.134054968601552
118.82517288312879
-180.79087407144
-37.00089283436712
42.70345797536356
3.0122238863186155
-8.927558257075358
-5.528544417155832
8.899285220724343
-24.56063234887089
-197.5188821644143
24.208722022267146
33.311429084339224
-17.445056634715712
-22.36672932246691
-5.685919104922872
14.945202109969594
