739.2499999999999
-25.000584328010675
49.0533204183278
11.261302686746347
17.0
6.356516704719226
2.1410875593625818
3.4093313769908775
-264.852795921146
46.670743715049085
11.092363224425952
28.826923685730073
6.036094654673661
16.95030723083763
3.2088054221942954
3.523867227790605
116.38540730631473
12.159662404476453
39.63477631085022
23.42320924267866
20.318550596704483
10.48365401236349
2.307611844574879
3.063149263690602
-137.00050484627874
39.65900087305802
29.316327565992083
26.580946680485816
16.60394902960402
9.617948816651545
5.907983406869684
0.6615372018205861
146.4999999999998
68.18451974770754
-3.623060914698436
18.541457790329083
8.750000000000016
9.66967756465607
3.6655053687567087
-1.7198678959477274
-78.94202790658106
-18.48691599936183
44.66577557400282
-1.274186807079369
28.507612149980908
-1.4982085700638788
5.383182214948594
-0.496590717963479
64.08977661174339
76.7891627396198
-20.692388155425103
7.4249921656312505
-5.169042624041739
0.9037245918021295
2.865223689149743
-4.293396449308263
-21.814889287204977
-13.868268395940348
16.919339803970388
3.705284360183815
15.241899076177846
-3.84769751672865
3.0062432002028268
1.7465181745289153
