666.875
103.81985886227639
38.52238523682387
-41.65049473665438
2.6249999999999716
13.414055658431089
12.321001812585102
-3.8631340646516676
-8.673099765241453
119.78539214269725
28.60357762402515
-66.79782415958707
-27.21973444718244
-4.2587019042037095
-0.1691635491014818
-1.972330981578132
131.6344274429422
57.14819436424504
45.91770830676153
15.649808448749697
-1.2473623136972147
6.494110777409645
11.790552813923659
8.435036512655659
-7.2997848132602945
-50.34195251662365
-13.908148660356336
19.811444545073627
-18.682957689963665
-10.819068058248313
11.023834957437359
7.664341972228273
-75.62499999999996
114.87376260206116
65.47340434743235
28.72997588954302
-16.875000000000007
-6.589951708575448
-1.007260223390018
9.279934671655287
169.1804915883146
-13.77272935876055
-52.221791183214535
-21.671728614474528
-4.140272561967748
14.206692231996602
3.359031050843175
1.930648432281762
-50.33049534595085
205.3764802221775
43.54055281392368
-15.56341384007009
-24.24304719416203
1.285180757461891
5.0822916932384565
-7.556380898134158
176.47489693460227
43.17500846219572
-34.0674304921434
-37.513899044701716
-10.958046892239256
18.310563226945277
0.6941254582705083
-4.803528919767432
