816.8749999999999
-6.533652164251464
55.90515199398723
2.669488968770878
-12.624999999999972
4.313617654750431
-5.161901832577961
0.12418039623448962
-244.41664746208625
-69.33573963225933
-65.28503866389954
10.131524068801557
10.045156146756739
4.37771206519275
0.5191412816567187
-2.189799612255788
19.660661558800506
70.52907165829087
20.130650237226327
15.47303801039425
-9.916115321693244
-12.507028063086384
-0.4986607484494243
2.6543465067860077
14.042176693286397
-139.16810476324474
1.3995908962392072
-1.147425938512285
-0.1114769141266514
18.813164765345583
-2.335428838745747
-0.6211049902874883
-142.6249999999999
103.42047640865634
-8.804876904430202
26.635063582955052
-9.124999999999975
-11.939372294542117
3.2412023537310084
0.40906790486719835
161.61467000264136
-37.82648698518044
-35.28716065963164
11.283727513822718
3.0718900974456496
3.5205319508060935
3.66358006055869
-0.5159313235319463
-118.14182001759715
-40.37508178645498
53.00133925155059
-6.021491770951957
-7.934223775951906
8.3686099499226
-3.3806502372263045
-0.8364296115864771
59.891198493987
39.2807631362213
-42.3281842267321
9.470114495094343
6.467874621087511
-3.920883955730461
1.2350830879695653
-2.5373663800344217
