591.6249999999999
33.02323086444159
-37.93991122693727
-28.707528267569813
-0.8749999999999432
14.215326024449084
12.603348209587878
-4.4109012751476335
-108.52177431299657
11.825083480367848
-5.872295351465871
-20.55492456997137
9.952948243809267
1.5019082786746125
-2.61831605010064
-4.235506610310843
10.113572810579289
54.08137952016582
3.831029034767636
-18.368747875346415
-7.304155936258271
3.2992971874725505
2.480262466247647
-2.8151867909087978
137.4809858746886
-35.912557300223284
3.6731985562440173
-6.296035811353676
5.797790420632197
3.3435533212631228
3.9252638409037193
3.857630645203572
-140.12499999999983
-52.75026681929995
-10.998507521985633
33.75464577175458
2.3750000000000124
-16.078924067948122
-5.321097846199105
-3.230934869846754
3.9501272650112087
40.39846600920628
29.051926966201275
27.538619979789352
-7.5106899762536905
-15.411963804199926
-3.9421405391800444
7.143791885880734
69.8193876728026
-131.76320529524563
-33.76973753375237
34.32913220622238
12.090515127934953
-7.856671973284389
-4.831029034767635
8.327602889405682
-147.66291686633087
94.95956004821535
61.22503964109619
10.441742535221302
-4.427356273791563
-17.31102122438129
-5.032402306920437
2.8829161351857557
