792.1249999999999
-8.179939370774719
58.92417499884968
1.208811843031441
9.124999999999986
5.940501922371055
-5.05943185594289
-0.8805127647595477
-75.42595190429054
-35.95179383753502
-40.47270712612806
-22.583222016232867
-8.81919963476902
-3.839392094367457
3.5403804811956965
1.332650647979674
-130.62750889247246
48.74681330778996
-31.601844314938887
25.168691550343446
0.8273838030223999
-5.635752007832185
2.575563709593176
-2.3069610247086665
181.52659561949795
-32.615401445797644
43.748395312520444
-10.393084174684475
1.7677864645148986
5.918531077090648
-3.7844084361969657
-0.9016702249156268
-165.62499999999977
-77.06931365418336
8.828090547174842
-25.94930046234131
-7.625000000000028
1.6551829362033486
-5.1450041098995305
2.2141743011651753
-58.521685655500534
94.07502876890351
-5.32148845287481
37.00952133476031
9.728993658170676
-2.4699840216274076
-0.38212935537604587
-2.9199649631676206
148.14050820267568
-24.95958813548515
-59.674436290406874
-10.693357993737965
-14.007915121191157
-5.185626093704384
1.1018443149388775
2.36785241449546
-129.95208990303178
-26.57635909435067
69.81711615231944
-5.3560443882626165
9.097023206370444
6.243419439779226
-4.406004343362243
0.8148620338469181
