591.3749999999999
24.14995263109894
-19.812174960675137
-24.780120158165104
-5.625000000000014
9.118968585508789
6.718182293418124
-3.709089483833395
-133.5495290645208
-17.429904412883264
7.4701188254557955
11.625729676475329
13.716398869275203
5.209061408505436
-1.9080396880620123
-3.484200995847227
-86.62414644998775
31.696354614430103
13.707553198370103
1.9458548088852883
5.775071949593167
-3.6161970491573
-0.06478624540369093
-7.357965263723095
162.89244240603884
64.29315898595438
-26.254047134305583
-47.90055124845294
11.903051678159448
8.226644146754294
-2.926119574929274
-1.0949223919319846
24.625000000000092
-71.59316249579138
0.4571320634271885
-1.6982579086622671
11.624999999999996
7.915652750769924
-2.489433726088487
-1.5214944811269335
-104.625239953163
44.040358874562045
14.796734488146
-8.708014871686377
-4.247829624878321
-1.3754678517612309
-1.0288895154676094
-7.282742821850146
17.88612595871686
24.770651541959875
-15.314786245403692
-17.70974252350121
11.002490353416434
8.185595340928565
-5.2075531983700785
0.8597035251801413
84.81640264938747
-97.91886001428784
-2.7411740790668304
27.86684039929905
-18.7901890965476
15.68029319384533
2.197394390124666
-1.7940764869026244
