732.625
22.059591058436865
7.330185866115755
-6.251891137712505
4.124999999999986
-8.174186789669875
-6.148139976301543
0.6391164716298441
64.2718566022375
-4.541677265832906
8.088134759093043
-8.531665896113642
-6.0269297741596795
-4.269274918503897
2.149598136798099
-0.716800140764676
-160.33101869305298
-9.47760305744125
-22.11808710430281
5.111172028417549
15.63713599585584
1.7402880347164285
3.0810290347676226
2.1043353575
98.93906224731454
11.428073070350756
-26.5916299032724
30.67381984604028
-7.36370408261147
14.833415636121464
4.589310106288873
-1.572362300956835
135.12500000000003
-0.03367992486005633
6.947502433750753
-18.542393599994302
-7.3750000000000036
-11.326593680948609
-7.072019508812696
-0.9078991310957836
-138.2547834620883
-42.674219547734474
57.21626495721392
-25.998059815829684
2.606466095835268
-8.738791003495914
-2.7283471631521703
-0.3834799357961183
-94.72985640677364
1.6386520471722594
5.581029034767619
4.807071190433534
12.600048723997437
9.07338853785394
3.8680871043028375
4.224883136897699
163.60468440840694
13.951724407284221
-69.12498774411743
29.580827924650794
-21.85396563949752
11.21491595257765
0.031165422498922846
-0.39335157671149334
