595.6249999999999
0.17674464087110664
-1.4766824540297847
-1.2503587770161602
-0.6249999999999716
1.7780985617228922
2.6411472753256575
-2.435411621361329
-139.50775257175917
4.475334219857871
-3.8400816320857984
-4.235085236122309
1.640208329621153
0.5396979086589937
-3.2232591868721894
2.3883048374765874
-126.22343283843536
13.422652892000922
22.482679464217163
16.052238220423266
5.109358774385079
-8.136698506639526
2.9161841431591036
-0.4425507379880882
19.55922419585937
41.75021072019229
5.441466707124762
0.8725287483903763
-1.6856939349389761
-4.028226097119401
8.80814567584829
-0.22143287987736748
160.125
-13.394883831787215
-34.76120900997593
-11.206646965416772
-6.624999999999979
4.446365228758431
-8.466971014758993
2.7668551060595057
-30.1694854769219
-23.392528150801553
3.127961970772531
26.225715064452597
1.22744763470853
4.304247946906259
3.6732952073380933
-1.164002842180801
-54.196874932795026
33.03525490804767
27.666184143159114
21.035771071011357
-1.7104686242706233
-5.414829049302277
8.517320535782863
-2.3935786360896687
17.062777244361534
27.64224599904858
-25.543878819233754
-40.625484346285944
0.8797868475942117
-15.12112420544336
-1.0145906558300064
0.3478890848455002
