832.125
-69.8753335631084
-18.94997069353593
53.1452732674086
-26.874999999999915
7.568293391069062
-10.14543546202595
-5.504645667389138
135.922896033097
57.84325737651701
-1.5996106380667783
-11.682011455120298
-5.8915875858763815
-25.640944264684002
8.909712471456645
-0.5930874620231044
-7.363415209242827
-9.16462912626768
-71.83649435994205
-18.813842183246518
20.14843110755109
-17.436335598123833
9.449670875226074
5.428856046416777
69.96212523310606
-125.5302106354148
-40.74153652765809
51.33111831677432
-15.480772342222712
40.864033954871395
-4.383345889396836
8.123004154982485
-90.3749999999999
-47.03828942691625
89.18006314427662
-6.760801101587995
-17.875000000000014
16.484319516939436
1.3500324376950834
0.8778418524304454
-13.704146947033566
50.05986919472398
-37.94935879533242
-23.793343304884296
31.104620969231213
-3.8059920509272436
-8.541801028510417
1.4344086448119437
224.26393237981048
-2.176024331521681
-101.55032912477397
-21.14722906862556
-1.9866992485697796
9.664072522716689
2.586494359942016
2.9310341727997784
8.952721558119432
-66.75046472177874
-25.46473364890809
-44.32367501554269
-9.29112144827952
5.135115195173199
9.125672143168291
-5.36838364236412
