668.125
80.09806012051155
-59.857669937018
-20.117897338676144
-14.374999999999908
-22.465114934776253
0.8459312684957538
-6.4963129980548615
133.10010343965354
37.19354407633287
-13.50720002601187
-28.751322750499533
-13.380677566605232
-6.039445202809963
-4.09342920577549
0.082702758485941
-115.70478782414396
-26.890012367902234
60.04207697752614
17.10391046196069
15.833627087786928
9.623565833713688
-0.851582809807238
4.745732414647208
-79.48294005864662
-74.2259771968451
25.266566972605467
36.10791092313664
23.850936876875732
19.023205379251287
0.3931782208551742
4.799154194393203
51.37500000000001
-0.7949643549007845
-55.004486104220646
35.684496240518
7.87500000000003
5.380648826584471
6.683020156381253
-0.30964163135553324
140.73476484635012
43.11810769518486
-54.53570252258277
0.5860210438690081
-7.648398356021817
-21.20194950801129
4.480367335230297
-2.1219007959885317
1.248328710652159
33.561856285975736
27.898417190192745
-36.0654051845753
-16.97652800913367
-0.06563211896736054
-5.542076977526136
-2.3468127732989688
-93.250271675903
6.145518423103638
70.94198169550494
-42.06463119804656
-5.3530160229015245
-4.168584640077568
-6.774147999897072
1.4004945085418352
