612.5
-14.117982694221155
-3.336048340424668
10.320171053031743
-4.499999999999957
-0.736784882950758
4.358415018140114
0.09371295584795547
-116.33906713194888
-9.49665193678534
5.6392523025018875
-1.922435980068954
0.7042169809658425
0.04081352809288141
-0.3665446464938267
-0.8485860640842553
-94.14169120085532
13.80316002385546
11.635407640085678
-12.761779249979345
8.532287438641713
-1.4164104903957835
-4.837310601229341
-0.3896905568945179
-126.89121924275636
5.944267256933546
8.604905288521497
-8.82630421626243
12.485152518694855
-4.826040027956456
5.708797380009137
-1.0154912454887657
20.74999999999997
28.228180062910223
-17.922796312991853
-1.6050656523586877
-8.249999999999984
-1.051102448718594
-0.15288009355503052
2.028250041250815
114.30283533188992
-2.15392613692714
-6.419488665152537
-0.9629718316445572
-10.219406048183398
0.3388673491859926
-8.18569024734899
-1.435305233873859
12.476156372970355
-25.27034057722169
-2.587310601229385
0.6315229058221616
2.9601640266033575
-0.6496871902138093
-0.38540764008566564
0.20164029536869155
-44.33482573604537
-26.985517867772415
26.015196349771873
23.338758962714508
1.346768373180251
3.74698140234696
5.993656252712556
3.4840888038617934
