608.25
60.491737588542776
-92.29956471005879
-23.60764282176774
1.5000000000000355
-15.37729358476171
-3.9815643073640494
-3.8526258482705327
196.10644920477523
54.88549927966305
-78.22529009961704
-30.832225088729725
4.878110968980758
-17.505165688179677
-3.9262739189394438
-1.9221018814273978
-26.18050287012972
25.748627889949145
15.230077554195747
-13.846294154730339
-10.13101235354048
-4.441315371535763
-2.7656114601284827
-2.1488601253085537
-40.95698349738295
-26.18160033979745
72.03935767006071
10.84341442205942
-20.619204538914936
10.632427753276865
-1.1420844307680196
-2.7389213641188968
-125.49999999999993
-55.384996768014695
72.16953954242382
23.023586358220197
-3.7500000000000364
14.033434966442824
1.7663697898592605
2.6180731951566454
-73.04666542776701
-44.37682533529414
30.196584729425464
35.76415573692217
13.029697215281063
18.600236391836543
4.114768149203958
5.564088674526759
-14.862495398389017
-34.00276620656906
-15.265611460128463
23.172585610876943
25.84424672325371
-3.2571978836679003
4.269922445804253
7.411426735295029
21.911087443891994
-10.790373897782121
-30.539004814532767
20.259476673855506
20.812362384765404
4.783521610683309
0.13816756909241723
5.670849906441012
