657.5
-5.326129572102147
11.907963946011591
-0.8894936557506554
1.4999999999999858
-1.3780739669742132
-1.9558616158838902
3.683348606784989
-37.824444199165214
-15.864330461451672
20.99383146198036
-3.877121799615958
8.938530047179018
0.8399681449520107
0.7749768391716707
1.2644763946149293
-64.85047729920277
-8.020329123384089
15.433504678941944
-5.918764016262065
3.445317435603558
4.395116277430279
-1.4816017177981877
-4.36007936880464
-84.62372956005112
-20.540397938001085
7.279204201581836
-7.394223060715104
-3.6709318587031126
1.7600850622911821
1.4227286992596655
-4.563100736792774
-123.24999999999994
16.608519721447507
-7.04118187612664
7.912162099528995
6.25
-10.199726239895844
1.2929647277887177
0.6287672099007899
-14.196115574628358
43.89978000878674
-21.81273173113023
8.075949054113849
-3.380649197463015
-5.247019728648803
0.009985516003816919
2.0107474280601654
38.768261426914485
29.483766483943675
-19.731601717798213
10.63641285217631
-10.627430910992814
-3.909060026192945
-1.1835046789419508
-3.68899706532117
31.260696072917774
3.0803403864375904
-25.537664025586537
-3.391113511013241
0.27046420859076314
3.286198928390084
-0.8245189604643924
-3.4944267491844174
