576.2499999999999
9.317707169598634
-44.100482896008515
-10.227085326880925
-5.749999999999979
-1.980024582828264
-7.169198584141924
-1.2415963392754001
208.16252685099596
46.46625834390738
-114.38597815706737
-4.50094784795526
-21.039682929683572
-20.853410078326686
0.008553622187085441
-7.45797177895746
68.93246154568097
58.91964549096166
-69.96625176280139
-1.8922348556453716
-12.394767097807087
-16.741351111420812
0.5961940777125374
-7.395641261468414
134.36750088846009
2.652186935850473
-25.436628026321586
-5.984215887792857
-22.12429635172911
1.8698355065794594
-8.316646671509249
0.36835226578329694
84.75000000000007
34.78512461740022
-62.62450083172335
5.258800833819425
-25.249999999999993
-20.509757996181648
4.2920735754970725
-8.400294404377744
41.01837825770381
22.75601640498129
-22.223081170720207
17.265019457515308
-15.803283554389363
-3.971628234922858
5.030134712801603
-2.1229393299966426
59.93280191392017
-42.34228108280914
8.596194077712555
-12.88390985997809
-22.737518523161633
1.381930631771942
-7.033748237198634
2.5303839470703133
-16.154868155018377
25.937212171978437
-25.10486275531605
11.12853634417382
-10.457221526715905
-6.125316518719842
9.286417219018297
-5.510414221191631
