783.2499999999999
13.986056949877579
-43.91594029836993
-6.0531663963071765
-19.999999999999915
-1.0787752124205525
-3.457265929896124
2.051982362123436
-72.41265402246111
-17.567578739351276
66.15531835439315
-8.319227376596649
39.287814743572405
2.6255677424866786
12.718102906755947
3.0808823281249795
115.57711278904873
-0.5408104402993805
-54.33084412271572
-5.446098755642849
-20.456665908854028
-5.457828015743807
-4.501524163602505
-1.501776455283805
-118.98344654980374
-40.779364997950786
67.22071084841406
-8.263945159882816
21.993260879495608
5.505242996830953
8.838249469114986
-1.6688881781285145
19.24999999999992
-22.06554530865201
-31.377908512664508
2.4117007807376414
-25.499999999999954
-5.035399012511517
-3.2387277395380547
-4.616835102189925
-151.83193635476684
6.052771654611682
51.05463438861909
5.877456174757634
26.200193899062377
-3.4379578012609375
-0.3357569038014292
3.7392947893826936
9.222580948274699
58.84741015806565
-5.7515241636024514
-0.40549194362922414
-2.3504935425412423
-4.634141541825216
-3.4191558772842976
3.653346326689783
-32.10389520471412
41.953095506051696
23.934733486131293
3.3557724701798985
9.277064633423226
-5.703110853079849
-1.557305021987419
1.269481700495
