514.875
-7.825800545787374
53.57903863850838
-8.017412067618565
13.124999999999979
6.914493986381935
-5.551384383486848
3.0789969905548844
27.768768860286908
-19.89085839743436
-42.05147420515389
-8.42535466332331
-18.016869018403025
-10.390994310368068
-3.4398204065663163
0.5737014466179534
-41.65582671261392
36.52555125173324
-58.856416805746356
9.18365456495599
-14.378166860786317
-13.400159093398884
6.755650237226359
-4.5869478922865
-21.45756281562864
14.798302628543837
61.66230440013391
-0.6206153150710989
13.884279609968933
9.543218996233431
-4.924239361924535
4.517248873188906
46.624999999999986
-64.31947814319831
11.63935731165395
-38.464601596703105
-8.12500000000001
0.15217955004122885
-6.850665031341752
4.797759558177546
-57.55541751465391
52.09024567897636
-49.33157079958941
11.313511266141461
-17.005106854095413
-12.36161773196255
3.237388119407152
-5.554357927682371
23.88406060301889
79.36813560491272
16.755650237226316
39.34573473402472
10.691097592080316
3.9299711233312413
4.606416805746323
-1.2176927787237015
21.515224579612536
-96.656006283474
17.241148512905717
-44.256345133405674
0.08972940825435671
-8.032849215488541
-11.795612492824993
3.3730914444679865
