790.25
16.38264321331698
-44.433922755771505
-21.083940351485865
-16.999999999999957
0.543769808589019
-4.054504721188302
2.325032256854584
27.409233247380065
12.313533012375363
23.685156900591053
-3.712120853648737
16.51055141394507
4.576862763679892
4.426613183872171
-0.4028400644011092
103.06482788208635
6.827006160329207
-27.17766952966372
-15.988961615530311
-5.890315291918327
0.7461824080858559
-0.0723304703363512
1.7167148238720675
127.77402869977409
-21.603773215316565
-12.253129557631713
-17.068043229546298
-11.770299861230125
-1.6274777411602201
-2.8959968716584967
-1.3209250559715695
-40.499999999999886
-45.15683230969609
24.990008118976093
5.4046041020304685
8.24999999999999
5.207093629673263
4.802290517399862
-2.943115048060164
148.0082351042692
-85.83035554937422
-55.740573916491215
-12.004894739129755
-33.058876878492285
-7.713179690710604
-3.4033460757959624
-2.4187443727722027
-141.1885397390168
-58.694802279281106
35.42766952966367
20.09844819058971
11.910780233124635
4.629768615223191
8.177669529663719
0.7273263827615625
63.23542412239733
-35.28025706237067
-23.256316995648532
-12.261891606224268
-18.43495030416107
-1.0608402483029291
-3.5272980061865224
-1.0323100921184065
