636.4999999999999
-10.54307834876117
17.428027498334686
-25.691521040772855
15.999999999999986
12.12691027712414
-2.3481604539058836
1.1078324214387791
-72.86099764283537
-2.439072367447773
22.281507329181693
17.015581226158734
3.0343479578509793
-5.37882892500764
-5.377512248425209
0.8092439274854533
48.63334190765296
-53.78093138490624
-74.00698948877695
13.015936724580614
-33.564740011676115
-16.477976717889238
6.759514805718561
-1.2109539407082157
-111.97574359954534
96.60137529857053
-7.082465494697722
32.703467785495945
17.768443591358647
1.0103483392473116
5.385520281757735
-7.721568437760643
148.9999999999999
-16.397463570256605
27.544275070469816
-25.1560159295104
16.499999999999986
11.63429325819893
-2.7500746975846155
0.6642826194856255
-76.0147124446334
-98.00077997945061
52.052858112115004
-18.168060838623884
-5.151217010020151
-5.111584693459175
-6.559126093326711
4.858211601188007
-36.10987475599066
-30.42478968928625
-29.740485194281398
-9.663724393382338
-15.05102082745841
-4.583387478081713
2.0069894887769246
-1.6259910298393085
28.833077528756085
153.63083474961425
-34.725832852881126
41.62199262239014
12.486597139616215
15.237929643369945
6.579970128691745
-8.152810724588965
