719.125
33.43282316258774
-8.135180897791372
-15.215944670624069
1.3750000000000426
1.4579147352684174
4.857991535625601
3.1675460192924554
-19.93027570740965
42.36911882510704
-7.00709202525154
-6.122307008917614
-1.480758724009096
0.92223211170929
-5.266478028791096
-0.8236265922062787
-57.83470062889886
59.759784371834655
15.837757018412915
11.270135622920417
14.675961385034812
7.488585653573972
3.960971349678811
0.02937816390018888
130.15957483642813
40.61757521843102
-14.794424131655369
-35.76187110888656
-7.25635603446084
-1.0287166982476252
0.6166421799674717
0.9655732096355352
-40.12499999999988
51.02262040447787
12.022040744019005
7.359700841977627
-5.875000000000007
1.2899905258087578
-5.926785498830442
0.22457742645732237
20.784672886149053
61.7779603118508
27.37018544207245
12.652001158620969
20.916797641895535
13.881405783712115
5.0905117676567535
3.0854594638069948
155.33127068676677
-26.509736135598033
-49.03902865032119
-47.70727142417752
-24.344350626479386
-18.109971342196165
-9.087757018412933
-2.3614652169854837
-84.22561404728782
41.357091264662316
24.666163133225414
32.609883642914674
16.862020255900774
13.13415946959603
5.596844883639315
1.5113465000674138
