1018.75
1.7690714970887313
42.609377333493285
-40.11769041318148
-11.500000000000028
17.4564105576995
2.916069829749631
1.827575550110069
231.9299135501166
51.665661906399535
26.804753708779394
-61.68463699581602
11.562633052010078
5.745730379401344
-2.036426957155413
4.588351978244972
37.20586519337048
-185.13468691062252
33.05266952966366
1.7068351000203847
2.5202713587745365
3.109087332358108
-7.462941930464769
3.6261073148848304
-185.61771736869366
2.872127854943134
7.509418389247006
-24.178984751461055
18.6267477264606
-2.626075321542322
-5.400732656747447
7.098680847868708
-227.74999999999994
-36.47167158093626
61.18545512892348
-56.46924885729717
-10.500000000000053
13.549289179675721
3.3395479733779614
3.054974355127146
-42.80238713091633
122.17607559387456
12.736391471970226
-38.889161464729085
-10.026298188663006
15.975296121583177
1.1435957298473785
-1.929017511118059
39.52023020191965
-102.38927241217846
24.787058069535167
-7.702017775466054
8.697599224966673
-0.3398094070180022
-2.3026695296636976
1.9798193871708385
-64.52738841272244
-76.17473416494181
-18.382177623684655
14.555414986659942
10.64533375105597
-11.959393437559385
-7.2540287410607345
5.538026723478296
