688.1249999999999
12.601985255022086
-16.350443000870897
-0.6748740551111041
26.125000000000043
18.61963630741583
-2.563057485753113
-2.954853028750616
-59.052650789174
-40.744715117187255
23.053716688860455
1.0367084677074274
6.143069319402322
4.465363121148632
-4.154931882921824
4.285632906104647
1.961352664552398
11.060746419045895
13.009329893666706
-29.761858550981028
-35.23956330043227
-9.966343226706844
3.068096077740285
4.796305535222269
-110.51897648395673
-18.192514723143674
-31.58053064282918
19.081362721051782
-14.297321612707231
-10.260711769224294
6.875701776485899
0.850978747323639
4.124999999999979
140.16183566893474
-43.941145356829765
32.899760552156344
5.625000000000028
-1.7363205453767883
3.9946207241687617
-8.089392343618726
198.7725691965482
-25.184609692112563
-59.92254729860329
28.61008556407211
25.456713548989477
13.8419958229362
2.3202874669520597
-2.867505749706221
-50.46716106266786
-8.436905075436945
92.56809607774028
-32.87431701314567
-9.621820430398127
-4.358568891913719
-6.259329893666682
8.633360355443209
-89.92284752338541
-149.843569760599
57.863456844378874
-58.79037209458609
-11.634755232686736
-11.629660587503546
-5.679564297748872
9.321356573199294
