697.8749999999999
-15.273675512440633
-9.385701171521731
-6.919338544005996
1.1250000000000568
0.27989529679200587
5.105375942954133
5.8048901003322335
-0.5437141198885267
-17.29344922289161
-3.1902941941395637
-6.063064420470854
-3.122259528248822
-8.457623414037815
-3.824306749865967
-2.0269563124141765
-128.26136707532274
21.807560552158915
4.006281566461773
21.475189350939925
7.245780156476751
-2.604798632266558
-2.458815856840882
-4.739997767111973
13.429526033688019
-24.371407162299526
6.3898148859251425
-8.59296580479226
11.774573705241664
5.562640730394031
9.811059938690274
2.07169934921375
62.62500000000003
-29.274319288089764
-28.307650519484582
-22.92670697501365
-18.62499999999998
-10.99586309240081
-4.645769265334158
-1.0764907589074073
-134.31346448886836
28.34340704752639
25.84723828754138
23.056544075984128
9.084558652598385
1.792713273098066
1.7061560464461607
-3.1677185324216888
-72.83579453791495
34.710029157868334
33.041184143159114
30.321520490272096
25.005597771779197
14.444051339208976
5.243718433538254
2.5115019981178714
119.58023650446492
-60.533052966824044
-30.341253391701585
-35.74606521583997
-22.299533707806333
-13.478170817210984
-4.889040449167307
0.5937017545857577
