669.2499999999999
-35.781188725301476
9.810004186547388
36.2786323610724
18.500000000000057
10.914863047120875
-10.287191932686198
-2.192745328830977
9.9640800061511
-50.67199255771601
9.822899911786827
15.963643203039002
13.334969832803882
17.279643140411956
-7.888394318665494
-1.5590444046183274
-20.037370744019498
-9.792826594388295
26.801145366061228
-44.2959545132053
-18.28741547836097
1.1306443126741463
-2.424251378354949
2.3998796990221782
-7.3036967949260685
-17.00676735053711
19.827089004879348
-38.31851449896116
-29.017861514032933
-12.87858782699794
-0.4845988048207648
6.492720581809309
-189.9999999999999
30.279798774012402
6.2089903702758455
-33.58759678382877
-13.750000000000025
-14.447068204315986
10.416858383496553
3.068281081012196
-24.197554238722002
116.39688972497996
-46.508060719271235
17.499352181234826
-2.1004496823947783
-6.9033109079868815
5.580067042088913
-9.126825035625881
100.57368579139718
-36.199684992229805
-96.924251378355
91.00303772197847
27.05795511715192
2.868056849963655
1.6988546339387272
-7.920565867764383
84.37699029725403
132.81889560361444
-37.771697779252385
44.34041454467687
17.30911331762396
11.574032896249708
-0.31235364319592485
-10.106182035335994
