706.1249999999999
-22.948767764171876
-33.715628689515796
-9.246526086038955
-18.12499999999997
6.585138090220212
-2.676309412362855
3.7321936952733488
89.42312221670815
-7.438078775848698
-6.611876412903385
-2.4622031419988044
-2.740565988224162
-1.849664869102357
1.6388984978392696
0.2375567465800743
-69.13657662755364
37.192416043399206
29.407300666675916
8.432712292951143
14.176043194629154
-9.172801457774204
1.8451163312936334
-7.005528464637626
-54.12689236126247
3.2064532772301746
24.16305247919856
6.611334131403929
14.911276031449912
-4.925053345354094
3.7271412027461945
-3.5457611290069675
68.125
-36.4386855410102
-36.59935266934162
-15.07319712306947
-15.124999999999995
4.422960265617492
-3.1054201302169115
4.6792998430567625
140.52293613744598
-12.628860073451774
-51.835135858570666
-6.913752870901396
-24.193459837768362
0.7578307193178695
-3.2680932505042275
2.988938855957962
-40.500494098497335
1.4204774251971457
14.595116331293626
-6.03927860807427
3.1931253254465686
-3.01850520620894
0.5926993333241038
-2.3809285342217814
-144.23774351964656
49.248857221032765
45.77279295893245
15.067179290374593
26.37246947588307
-3.787581939540111
2.401478112496468
-3.931086074873016
