669.6249999999999
-38.25265203034863
36.899963480703036
20.333578797183904
16.62500000000003
9.753268977124037
-2.7016559963801754
1.7582463432787314
-2.869359076078158
-80.25960927849776
30.717286671299302
39.58892443837398
23.5265311658343
16.386301209710524
-3.732190065000217
1.722460533973352
58.43902158984948
-75.2006674086449
13.15577650307342
3.8086484531425526
3.030146627757155
17.216421199900278
-7.0446022944678255
-2.388881655045423
69.59991465435718
-33.17812709228863
53.072109842879996
-25.104421312927972
-22.064258406191236
7.958746231923353
-8.6006884840559
-0.2855776550664437
52.12500000000005
-106.97668686074402
30.86191747097835
-32.280453759502
-25.875000000000018
3.4018127348583675
-2.906595949650292
2.413699131192173
-81.45522355376976
-39.41632530607732
41.81461170495728
-57.74762090105565
-39.75026617198802
9.320673075729363
0.004337688953460983
-3.4701274767350436
-2.9642883835916987
38.90049192731692
40.4553977055322
-62.3764548248377
-46.58030121644013
1.9731318297423217
-5.405776503073435
-4.8634623305576845
-59.30411212052748
-102.98390659900559
21.648647494425635
-23.094300825264057
-17.962451713058403
-4.709172600482311
2.268845985880205
1.5433575156963721
