708.6249999999999
-58.14026077203063
-31.785797003489733
1.8154341213436993
-34.87499999999996
9.698559502652714
3.2892793820152804
-0.40585697584138813
43.569843290949315
78.01535757978274
-70.92601537281696
-1.883382767185644
1.2149888885420772
-3.6250457933619824
2.3318616781259234
3.830852690990782
39.69908160352708
-57.14405721810856
58.979892642143824
5.427691452945847
-9.334124510284024
8.467463945137105
-0.23877611862702608
-3.2051489874656998
-117.192273293418
84.93679687920871
46.7320966383399
-1.7931817654371045
46.00618383663012
-13.903989008332482
-2.4154914367959712
0.12657990819722098
-42.875000000000036
-77.61111102658721
88.03201284718136
2.1454867600863388
3.625
0.4309690085489386
-1.4216061598387775
-4.3919355066650585
-33.883547273669336
39.06365275438998
-38.32637258994926
-6.810843257824818
7.09665927031128
-4.19388527753558
-2.617653973975866
1.1798073904318205
139.28527980313083
-25.646184979569448
-54.73877611862705
9.622044771906436
-28.740744068769537
3.7433272671664364
5.770107357856108
1.4757763459029523
105.08381207434346
-14.576001558501602
-64.67419216446567
-4.1179647178610725
-23.04679539528248
4.426384570227189
1.9875183006282997
2.9717094631899426
