594.8749999999999
17.82941082049389
10.648653138021928
7.878560050391243
10.875000000000043
-0.822118714395252
7.089600577331055
0.5495654154660521
-104.03336110333085
3.0918131891608756
10.948057462947606
25.638391754764783
19.519318773819506
4.048169743919612
2.4957734850604236
3.817081752022429
8.092736443732939
-20.998628905157123
2.381281566461764
26.707753979558166
23.123843114037413
7.971913194330972
-1.2814078323088551
7.328888487093022
-20.429290539971166
-4.4482495711347205
3.460181865799599
7.983148603621817
9.551349024814504
6.945729749003449
-1.9045055369344803
4.811565300725666
21.625000000000007
25.341136363024145
-4.94123070094708
10.739638600347229
6.125000000000009
-3.3173193266479175
4.076210146694823
1.191580064282201
33.62261417809128
-29.07933225369203
-13.014814257533033
28.199670910575442
17.353959179063185
-0.24571173654535805
5.459299796881585
1.5192648501374877
-12.146557819081027
-19.190448279796666
7.46859216769114
22.47392813798202
9.769551148204556
6.140442304596261
3.618718433538235
4.616131736627154
48.58149011103528
38.07102291359441
-1.942020127483703
-11.515684165191844
-1.5954708469919803
4.906158707731189
-7.226711977709925
2.1707499437626567
