679.875
-5.542676829061477
-65.12073367635575
-2.5214718888302343
-27.1249999999999
-4.631079880925817
7.084934400059964
6.493189679880373
31.017205580674904
45.127155134112435
-74.45193167168115
-23.95600267978702
17.75611292737682
-4.302177633348503
11.46343138855887
-2.857172751777588
52.994631834711555
-8.264800723101285
-37.32519388548936
19.17243273135199
-19.207653852361545
0.786883656516121
3.8757079223151614
2.4459933634346065
49.41545298423807
24.09467842899187
15.893622526255825
-7.145507712473285
-0.44326326344672573
0.7397472178277882
-1.687427516047363
-2.4034644607980775
-132.1249999999999
13.318118219521644
60.90723308890892
2.4492323823711164
31.374999999999947
6.262303042785142
-6.151439461891922
-2.8017937876141827
39.800422692666025
-43.24997163738559
91.31086379120059
21.753203185118398
-38.8677243380343
12.139411058063436
-16.270058631162136
0.03312542284498221
-213.39921566562376
-2.6525794023577536
73.3757079223152
-12.52237386026053
48.681077263017244
7.208525395482838
-9.924806114510597
-1.8234472262939354
3.9887112973797896
8.656283215513005
44.157786978877866
17.363730639495376
-14.748270277293374
5.697433418396669
-5.086369775931366
0.8789415202974481
