580.1249999999999
-0.38333461990475826
1.007943569230207
4.370341608236075
-5.874999999999957
5.48656873883003
0.8001873288469312
0.2970391735078053
-103.42017042796617
-4.272743099138925
5.449266986838021
1.982459316702915
-1.279181686841703
1.5698039808958644
0.31603295195133363
0.24961536101701576
-4.304363742709691
39.99029446098786
2.5935921676911544
-5.147906582966866
6.604447168330957
-0.3840849271347899
1.5387671451895635
-1.068116917353526
16.555515080262335
-10.385032069148643
14.897735094385977
-9.412208756994724
8.806636920891806
-9.242219039281787
1.6957637746568128
-2.244423831768413
-89.12499999999993
-5.374765449914336
14.446641244702267
-9.97237696026086
3.874999999999985
-6.648219702629999
2.539843843008414
1.4670613165197315
-17.161338803015326
-6.973090589503789
-5.456241952356157
-9.126102515764988
-3.6597306750564593
-2.1536552348279288
0.7426207053059685
-1.9027990221150184
3.000617064946189
3.1568917196728465
-16.211232854810426
4.502945629626075
-8.55350966567087
4.813673839281051
-3.593592167691141
-0.4450519655673404
-5.566347057608329
-1.6342681154661864
6.878654593361269
10.447962972070481
-6.1826945373101445
6.1999737379751405
-1.8369910147112112
0.8386070909615648
