656.75
44.18346562120779
-65.89090824391435
-23.654305325197356
-0.25
-4.71949117815322
2.9390833251314916
4.488497332206915
41.072945501183675
-1.4459844790569951
-54.06695681497114
-46.502581407019704
13.717468153475753
0.831413500793794
0.5974925396630018
9.88275714095728
-54.820002128387365
0.12042377275442817
-62.94848480983498
-17.313129953865833
2.7563906176509114
1.983982377088914
-0.6807178568686343
8.4307631264342
205.91478900813559
60.15577396785377
-96.57932001461708
-2.9625210767142978
-4.700328492006547
-0.8771742665015496
3.625325931207236
4.000266905619281
-53.24999999999983
1.1259199638254422
-17.745052833897013
-54.45017538225973
28.749999999999947
-8.768500266051701
6.8090454486810525
1.2841760628766554
9.641054485142385
17.178665282515276
-46.941245486769695
2.7570790340853595
2.00358394156928
2.6696278579008537
-2.504171681352761
6.33470615598827
198.86651896848693
62.65170863983468
-55.18071785686866
11.497203011511425
-21.43658813251132
10.408989102357973
-3.5515151901650577
3.5647930707435234
-98.49575058857278
-76.48298955845576
17.312576840287928
-40.51034568892832
26.91604783237487
-11.181513595154225
4.149990401201803
-0.2611223021295386
