831.1249999999999
-48.40599002290119
75.73854918169152
35.53138453681012
-22.125
2.555348218270609
-8.235800984268622
-4.157948807224592
70.42672490898164
130.40880022622716
-3.3433849623651177
38.088218205787186
13.323635177014003
-32.29512224173219
14.033157236771888
-14.236826712241555
29.50747762518018
86.53720301821559
50.919232470364044
-39.87211829817312
-14.803294747209769
-43.48069673458327
3.554640110449656
-5.3366967445250335
32.239716880950255
40.53993613586593
-98.35853361297124
42.97355731540512
18.445360188572238
-22.41485345297437
9.378215703838109
-1.3545433531079194
135.87499999999994
-105.19684411857875
79.49011000288267
30.929492951985722
-50.37499999999993
13.912739853711258
-8.977954206254044
-3.219258142408629
-210.35779508187977
-38.314874029308044
77.42020650007366
34.36079582313597
-20.943319424484216
0.3751620792490318
8.708156766889488
-8.30283979053791
-136.8327994824324
22.763858067567284
59.55464011044971
33.98494067078296
2.4786517761138533
-4.188492478741811
-0.16923247036398514
0.37075567607321247
44.15555030027995
43.53882256386881
-9.326111350878948
56.63789816813603
17.343999096739378
7.257635588203114
-0.984118366868544
2.74248037911858
