622.625
10.791489780351498
-25.04804222583752
-20.389077748140764
-8.874999999999986
18.13311497856546
-0.042786126978541006
2.7535246639485003
-89.62924123601186
-44.07780513908514
49.1520538072106
50.29550894151422
1.1336278192564513
-6.298849514307367
-9.141050176993556
1.7530978287520276
-6.722165124849118
53.62695174776726
-37.922912126804356
-35.54214727201071
-1.7937077895919824
17.053199652625473
3.2562815664617544
2.330070455200703
70.54701721201045
7.240861219834278
29.577808683337793
36.276607226020445
8.53485798259707
-10.653444759342992
-7.300553107877525
-2.271971902088399
43.87500000000003
13.084149379475818
-25.626050205815886
-34.338625296086114
2.374999999999991
5.101081505507745
9.667564370046938
-2.8205168435452137
-58.60575504196166
1.470456711923398
39.03492303486981
23.54414721612491
7.9062658720174515
-9.39093808080315
4.182942145199307
-2.95888624847157
-8.716005164882922
-9.276251217636066
-4.493718433538226
-24.04402484154292
7.102032270101061
-2.8797894603092713
8.922912126804393
-2.9296437069548587
-16.63266226154576
-8.049310195780032
2.8884296532976803
5.998596982613198
0.6515728242331498
-9.902975868320787
0.6570531297698523
-0.8078640061321578
