596.9999999999999
45.197364929017596
-18.87668860679163
-4.599767161217784
4.750000000000007
-9.407122506013323
5.383597982968723
-3.2282180367265845
23.08489743159764
-24.83063995948956
10.720113387262579
-12.280793157743176
-2.19507424946139
1.0258306922317768
-2.2592184958703765
0.5057286810290105
-112.97010263199974
-64.11669489940307
40.23097038856281
-0.8167769509283368
-10.548174577102303
17.19400344966849
-9.525126265847044
6.9618605001801805
4.3263161235809875
20.829735392377966
-36.10779101998128
18.711673649059342
-2.6206354884108958
-4.900814707631861
1.1612319945555694
1.4325473880017157
120.24999999999999
47.472462699370766
-20.36497788219362
-4.4588013175079935
14.500000000000004
-6.886184460184645
8.97664613637886
-4.32317471867069
-147.94306507697505
-67.42697374385511
43.35178906323856
-32.449281570591914
8.537747920681184
-7.534004119395715
0.8660301575551923
-1.6083417773713582
-69.5634128785778
-10.691096827296459
14.474873734152956
8.636530432309579
-4.560538684297391
5.738447145760188
-5.7309703885627705
2.5420600729709353
112.83547755471825
107.95726181806896
-41.0142438792337
23.91224647751761
-12.982518211777522
0.21363319811021775
-0.55519767807953
0.6529704298258929
