602.2499999999999
-5.588611042291859
-5.038892974753821
-19.902155918187105
-12.749999999999986
6.412792261524395
9.393325161463054
7.667966603779313
-40.9998415105907
-49.62681571353349
26.70748026915384
32.71305535889176
9.420434218628033
-6.35009963540953
-12.38982687381439
-5.677195932948741
-96.30812534423539
-5.301161952695491
3.451271631908323
-18.787076619145026
-6.972707492210745
6.653532934108719
4.310028842544436
6.872738589215817
27.416008086087203
39.44883298511759
-9.024881275882754
-8.678502474917597
-5.82073775302189
2.2523588458473145
-1.9930039961236887
4.218142745871301
59.00000000000004
-18.660847960697463
4.996448520695416
30.019396288858854
19.5
-8.105382083183898
-16.681891444918357
-3.796232491007316
46.5650579786202
19.310924681547792
-27.671948210640494
-36.091679739027356
-17.99510384865551
8.818482605810646
12.59804835518539
6.418502899227677
-9.086115378920688
0.1646340778993034
22.56002884254439
37.381781468203165
14.523906162877413
-0.3749139889347366
-16.70127163190829
-3.9527392048424996
23.72121143992848
8.978765482176605
-6.212093880858812
-25.619570278700532
-9.363528641444507
5.683987931472666
8.859711633047539
6.986835582640415
