584.4999999999999
41.34430656481648
-26.636810062159284
-12.536538430383374
12.250000000000021
-8.183574685611646
1.021200133397734
1.1779746274900944
56.80169777499338
11.519454823949665
-15.097596718028429
-7.821544105895613
-4.939185160927543
1.336753560345819
-1.5495707071835945
-2.915085566062002
-14.46834667020896
-62.24123862169277
51.916630560342625
10.094224580124093
-16.30319084398408
14.28203148204531
4.011931803688151
0.6031064404681046
-85.8030645532842
-37.61305275639941
15.035658730490654
13.638494898042397
-11.819614950384949
11.915602057639738
-4.8207493438349465
1.496882513270864
65.49999999999999
40.488323073309836
-39.70243971092302
-2.391563400161189
7.250000000000008
-4.557554259429422
-4.390760868064156
2.6607928116733666
127.49237865923249
66.28218491414825
-33.51330681950495
-11.294183226647947
12.302692921637329
-6.711718202745741
-1.277207052613111
4.455859562628205
-51.914997299727
-50.33688927135019
18.261931803688135
-14.876350774536085
7.023600807608153
-6.357764158249664
3.8333694396574027
-4.2444417012980775
-90.83966439256693
-86.12487085034972
44.306508452466076
12.094334120626623
-3.323386713370075
9.399388466685306
3.1242700244028647
-4.94623151924632
