611.1249999999999
-13.220021551636762
4.953662393716925
-6.170641411216749
-10.625
0.35494367980956554
8.366150780919043
6.573867182457821
-10.908671078456784
-33.24806152914746
13.072435572801409
17.307852492432893
9.764417607017126
-2.1843170514324837
-1.9799801111092439
-3.1232894916697704
-80.81308749195992
-37.638536415641774
16.477475644174326
4.631938529032943
1.4738661669167357
6.052882821261907
0.6297574028593173
-3.290298029938286
-99.61222678243163
21.77610178876968
5.85157647978421
-20.48453040633852
-19.41453205338413
0.5981475529974816
12.202483251149964
7.7656308264475005
6.625
19.515825333892874
3.2123561367603415
10.922695173179324
5.374999999999996
4.624311790983184
-4.983675155005395
-3.7921672102590733
5.756941343850311
-12.626543529921465
-3.335643327422317
7.999797982447074
13.33829631611586
-2.249858133533001
-1.0052929764930052
-2.4726355527594697
7.090566974286074
-4.40073600385655
-12.120242597140699
-13.6828876336777
-10.487324183127846
-3.870478183214928
8.52252435582567
4.845490443669597
-22.69251632390984
-5.221639062220206
2.694942806772614
27.433054392961644
13.793456612734353
4.6687651959068734
-7.230125521252813
-7.517549930981016
