516.9999999999999
27.90358347357126
-15.83445195918462
-10.83476967429312
11.250000000000021
2.4416354605866246
3.5822662034352817
-1.382465810088835
46.882202060605486
34.11664219226414
-33.52428426075804
-15.897872727426424
-2.520169587503858
-4.339301707827962
-6.510139188390377
-3.156689806303311
17.928912085695416
-21.804053399577946
27.909902576697306
16.668413082380912
-10.136644927766547
-1.7090318457254927
7.461417766862324
-1.0866637892896605
-0.6237315989887184
-21.46879237771301
40.79300699482175
20.38872567943239
-8.254002132787303
-4.916976396063696
6.259051227171314
-0.33567718832398064
-95.24999999999994
-46.53051234762021
23.49210343791719
23.566732454758448
-10.999999999999988
1.7618523786324203
3.7991546509980494
-0.20351478988924487
17.61549080068299
14.585677188323965
-21.982730927449644
-5.850219569874003
7.014345737068697
-1.959793491297854
-3.349750679107512
-1.434521130251102
61.57610422415008
63.2848326142643
-35.03858223313766
-12.988472109620187
10.151892907649518
10.39901482906043
-3.909902576697329
2.614512660125669
41.194533286493744
40.91006701988643
-36.21344105339006
-32.19496953963393
11.562618558225868
-1.6478727274264124
-6.490046921213782
-1.5455743803986444
