630.2499999999999
-11.005208094810357
4.229915111647472
5.757156388436229
-0.9999999999999858
-1.0689577488154995
0.4126961936533817
1.213620385563786
59.622720437482734
-25.664944315923435
-1.9936673078786633
1.0842079392946857
-1.0942805483805458
4.268730047055364
-1.195082277882542
-1.4093770900436007
16.83078870704254
-25.281350396266525
-0.11243686707646106
4.3287199258700575
1.60999006335091
-5.30399631289271
-0.41789321881345654
0.0929423941833536
-79.47018659845462
-38.022728736301445
12.601235435011711
-4.259620624710905
-7.213951487480847
3.289470488835186
1.1327181907662571
-0.2680328948597332
-73.74999999999999
24.074886123809108
4.117829729355538
-2.671994473120794
-4.000000000000005
0.10230446783090308
-1.1644648212959723
2.423806398435346
10.170214690267871
24.672731651514223
9.415954432421987
-1.1654807995134506
-8.889970332055139
5.914319381365402
3.8519775402587055
-0.11498165244201763
-1.8301779965041967
13.086251300126573
1.8321067811865523
-0.8961385176012797
2.5802968813513085
2.5940546659293098
2.362436867076454
1.4806531755045444
8.181526923162775
-12.864328378392258
-2.068697463416476
-12.676477130914762
-1.8654440524679998
-0.32049081735979135
-0.8633921397888864
1.5102455592689497
