490.1249999999999
8.602089820620748
4.188295528986771
-7.513946084350636
8.375000000000007
7.879870802051649
6.518391715896449
-2.8530336665416165
-8.433572112708385
41.28211029331821
-27.07739433984393
-19.188183568034646
-0.9805868055997653
2.1219081113094607
-2.5774711888984
-4.874524334559671
28.862444856718398
-16.536527422569307
-8.791815472394514
-10.28845401194495
-8.490667855981041
1.8133846900872674
1.032931995911317
-0.9825491927345551
40.86273316553848
14.028899853037117
13.323154965627538
3.530979217960657
0.8914335118122847
-1.2816014204046544
1.3625880552759404
-0.2557853158034584
42.875
-17.013239266641207
17.799104109327594
6.321489748229395
-4.374999999999995
-4.995619962608231
-0.47238004331016814
2.1376946012557387
-62.376311224091324
-51.6476507823802
17.003281252330858
19.160786735020448
-2.831877167168333
-10.0474835124562
1.981117471665618
7.010240065703696
-3.1607794755227783
-46.155206754077305
3.032931995911314
-0.5817620641916612
-9.065859548846447
-13.069120505494519
-2.9581845276054946
-1.0577048256618347
-8.492361140285375
-6.932136179134565
11.405952091766279
29.396751676023946
1.9459618497730942
4.215252530149017
1.7467428793063873
5.2343940011773125
