635.375
-6.82591451301883
2.489433726088407
3.5423297936701914
8.125000000000028
-0.15858756988843226
0.4571320634270677
1.547947246036614
76.77621796335099
-4.693577624412871
-9.596557771857647
5.0702148336954895
2.1046744862162585
4.933499471682633
-0.3723813691134765
-1.9613023792745832
86.65979178550207
-11.2017316981274
-7.068465901844071
-0.04828260768417891
0.11126051089435585
-1.1886672089026522
-1.2133883476483494
-0.7058144934749349
39.64259977874937
-33.08029310543888
-0.8482592601637133
7.319677614297246
3.38358232780649
-4.234271897916891
-0.18711036969395867
-2.3975731828493636
-42.62499999999994
-37.364109336355874
-1.2060844039566612
-0.6019080661908225
-1.8749999999999984
-1.4759037966018385
1.9878657928875763
-4.73764162467728
-30.971391284304865
-1.0417666453708305
-4.408119957053519
5.723727717636687
-4.691106452811869
-5.271580575440966
-0.9304596907489224
0.4478814876131505
-7.347566787271725
10.566787325791239
1.0366116523516764
1.0505910541120458
-11.817100790748782
-0.8554480118558381
4.068465901844064
-2.5961981179741276
-2.7994749401280714
24.496697236279033
-0.26041007054910636
13.038325935265387
-4.393487929471616
-0.49044533808433854
0.7230261321073339
2.1454805855565953
