530.9999999999999
8.204745053015841
3.5466208679208933
6.444962578515231
10.000000000000007
-0.3860887555614596
5.295892787739064
3.0611356470075286
-115.93171878664648
56.96148313254868
8.35893648249007
-17.412294973080265
-6.200231717432732
2.0852827626335824
3.5384593156176543
-3.3758507396124005
31.86587820877773
-3.562473853084055
-10.303300858899103
-12.312849985465967
-17.058942303057368
1.1337541969104796
0.8431457505076159
-3.0929799621114666
-51.23572890265511
13.74707862970288
-12.12352507486672
2.9381457872440553
6.9831585309916075
-1.3190941923042736
1.1371886396941155
7.692359244100067
81.99999999999994
46.624260447328204
15.365713074385098
-4.103653114628019
-12.499999999999979
5.416326501094863
-0.1409315992626412
-5.798859895535411
13.86519423624391
36.34622298903762
23.073864438701396
-3.5188416606100725
-1.1650630930359704
-1.0833297381799423
-2.8431841279552748
-2.6389603396181696
8.989761174988946
3.0482667395167504
-12.156854249492387
14.267584137620881
9.772025762397467
-5.899431996046586
0.30330085889909686
3.1131007920005977
-26.622228527656574
-11.07559820791826
3.708272764238198
-31.199243793312544
-11.583835788305443
-0.9508772062179545
1.8963716131676585
-6.316299181612827
