980.8749999999999
77.4992938659544
47.48378339331981
-29.612276342434555
-10.124999999999943
-9.319526964837124
12.397441859362516
-6.712410688374689
280.24421286482607
40.756982451642365
-65.51291155789363
-21.634992037181966
4.740188001898034
28.671684207725747
-8.424237053319873
3.585228526452209
227.09957933135203
-22.21699592000123
70.20108671985639
39.02296217929836
-10.133486967733383
-19.4618859576142
6.76884469938528
-6.034227001575934
61.7716727539851
-96.8379690737499
-59.71399985809509
0.49943943393252965
26.511748077698726
2.359829986383483
-13.8363780317747
11.564445673807926
30.62499999999999
-30.0476273172669
-9.672713745795571
43.057286597829986
-16.87499999999995
-24.323002191965667
4.412466293570789
-1.24065619919382
-181.42779608520246
-65.67283306034022
31.756965693051374
-31.787509457390318
17.379266687786746
13.363628762379308
-5.419784521173736
3.9554471553268242
-15.188394171962642
207.311605477523
-10.48115530061466
3.496695457007398
-14.338538693841041
6.379954362301024
7.798913280143584
-7.333427033639193
58.721451860582405
3.4378890826785238
14.10856115674013
-45.96510043680238
-8.71386372202854
15.47339534935035
1.4415550586962969
-4.620050647954196
