583.0
28.833874521494238
10.13946121487956
1.5433237621704308
5.000000000000014
-2.5038979840537934
-2.305715999847507
0.5756098759546688
75.6562821803237
-8.3493171645654
-15.710985728747396
1.7652772039999078
9.292636884680315
2.2960811913865635
-1.336097817698854
2.221748467021262
35.087024879797326
40.1886076398674
7.781854249492378
-0.9452875419025353
-1.3926184173107758
2.618044023697642
-2.276650429449565
0.04432679762868402
94.50766286990567
-14.647320283688202
-5.747847342656133
-7.266410133839248
7.180011858780956
5.818111845245429
-3.7817408114022957
-0.8811289471059096
6.25000000000006
12.512866014127178
9.700735091368502
-1.3799071746638234
1.2499999999999973
-2.9751443650592853
-4.018176039833451
2.190332465373139
20.8784888175608
-42.40529779319387
-1.3544821651673882
-0.3292275985283801
10.95246466478453
1.75384700091573
-0.7672419982996344
-0.8032816988135436
-4.791991765902837
-21.05436424514398
-3.0266504294495533
-9.141514071845911
3.8240180365378533
-1.2476263775854548
-3.53185424949239
0.4647829449408414
3.7272416361823204
-25.925590976752517
-7.059546981394538
-12.140119776261201
-1.5851962666781185
0.5517039442996925
-0.1731231102563786
0.3618802974889366
