615.8749999999999
5.177901377748739
-21.398951381281478
-0.0014520834954510065
14.875000000000043
-4.465728248700081
2.2340836558982033
4.814987686642787
-172.84967195577946
20.943916065136158
17.795574117580976
-2.995870277486901
-6.0682107991844525
1.0937517102819925
4.716102564063844
-0.8801051941499054
14.816892984297365
-12.332345947581445
15.336232854810435
-14.54594755313892
-20.72527254321177
6.527049277349434
-0.3086895909938172
-4.384351782758953
-61.174468335253295
-34.05880956158616
-21.208886029660817
-4.926669557528035
1.7642434696223863
-5.004497029956843
-0.8267249098951166
2.907813351436416
-6.875000000000011
-2.3764530721384807
-34.329282005008686
3.2467523775960396
17.624999999999993
-3.695535162271719
-3.504518086782735
5.009150592556729
6.390224393146438
-11.504007429148995
23.50155819830347
3.1250754608505837
-21.574600721705956
13.03973775383991
1.209220630588717
-5.394595999213046
-8.978637552094414
24.67062690331584
25.94131040900621
-5.87594423152308
-7.2452969579992486
1.5736842956008614
0.6637671451895788
0.8577328895244625
76.70252838651227
21.74946729665749
-27.70801965524783
24.742034727344837
13.749122385647768
-2.399676199774335
-2.2205387269404833
9.44301573855195
