519.8749999999999
25.932657738086988
12.66852310791326
0.11558927768277272
0.3749999999999858
0.36905575924343026
-2.4061945607672044
-3.2457972217457254
68.54493471650844
1.3753401781809247
-12.487145669711355
4.170477330334578
2.4982549722474223
3.442281704525109
-0.36246666138024697
1.0719314926556993
-47.79634269897382
29.325922380777648
3.972271824131523
8.838291786240966
-5.85831111491454
-4.6223578493655
-1.0114853865045887
3.5493454145337098
48.371293251066106
29.05245899590001
-0.11934746363736792
4.273119377409273
10.068841297326442
6.181416263897782
0.0076658357374495
-2.2671663312590704
20.625000000000046
12.422987703439093
-4.782718033165983
-8.817936228401924
-5.874999999999993
3.4929935270768113
1.8457676493071737
-0.3871348755118596
-5.037506615339539
44.64458332922859
12.100921484624186
16.586115020552253
3.8651378693811385
-4.889235900926091
-2.4482755741590365
-0.6607444396964075
26.698143654611098
-3.969014386611506
-3.7614853865046007
7.611140377297581
1.2089006910697133
-0.6328236737067958
2.027728175868491
0.976130632930673
-5.419496381526351
16.476630249310176
10.863451614074956
9.270921731071336
4.198257528257469
1.2930603323650605
-1.4524370297097515
-3.7592236546641065
