687.875
56.13898909550572
-28.360876923517594
-3.59185528528387
10.375000000000057
-8.817296756212627
2.4118271349930467
2.842579261367746
-106.66332076635675
6.284351421931529
12.958285824808337
-0.6803523797668518
6.6069531020314685
-2.878189021723692
3.588927980865379
0.9582848643605701
-67.10874099480074
14.795965677448507
38.689154916168306
1.5862677644527956
-9.44456014978074
5.793821564949087
0.808058261758438
-2.368803522210892
2.9263733819592286
-59.13336406859034
13.416154464846057
-9.626796734414834
-15.608244890678854
7.117245928172295
-1.3002724201324671
0.13396057190798194
-61.624999999999915
32.134530961947135
-23.932820977143663
0.3554036456614753
14.375
-8.430440501053221
0.03647020691212788
0.4855729219287266
75.00533721337234
-6.442465250849912
-43.1509259641454
-2.5205787098828916
17.300539577540675
-12.704678717536265
-4.191252440538337
-0.5405881421865162
-72.18862882818026
-36.953266069639156
-1.6919417382415851
4.843541851867424
-3.5293814723225587
2.2518374439855817
-1.43915491616827
-4.3225007853608535
-119.34093694718085
-46.67953977369464
43.34758382073559
-11.714586904680154
-6.899977714899043
9.628152299175065
3.2880820793280576
-2.4528759699804246
