493.37499999999994
0.38046628580649156
15.855674186213705
3.276505018095463
1.8750000000000213
-2.7309014877746094
0.06201693829211763
-0.851138846387304
92.02677922272521
-18.198668346160783
-11.351336414825727
-3.020373960682596
-2.9214959199741415
1.909733949380243
-1.6872714690011366
-0.12593227801348794
-42.755116635584514
-4.303545500460698
-3.4722718241315005
-3.7150837208904974
-2.820057298738388
-6.9466430249367495
-1.6098349570550456
-0.011594182032634848
-36.36793316889387
10.494117565387999
8.888187482682174
5.5964353816181465
4.055948754698641
-0.863590264449682
-0.9593194954015383
1.657258503176815
28.625000000000004
-14.006735101457934
-13.242548256460989
-9.009741010068137
3.1249999999999947
2.228840682576819
1.0203752620001914
-2.6421029390946478
-4.542126603672298
-0.8465983313969987
1.4885529665655532
-12.007881381018505
-9.136244099592302
2.0582633750363453
0.3887822953593533
-1.2485231217312882
-20.579874914040914
6.16475970912906
2.140165042944961
3.3863421861806993
10.503738707328557
1.5246469422460773
-1.5277281758684944
1.4144049489348198
24.2410174875328
-2.7702233945823087
-2.034260560992455
-5.167093262260915
-5.577247084494099
-4.331034132462415
-1.1180108802314295
0.04396958950631491
