727.4999999999999
64.69975614699892
-20.29533695395996
-6.481869010340517
9.250000000000071
-11.566720086388074
3.265240867872997
-0.11364459864991971
-0.49852044004977714
35.40582405159041
-6.2817197327937055
1.8112787940790867
5.6628904618423945
-11.412654115579082
1.9040313105359727
-0.7380061934020783
-91.15686393607486
38.23984508567203
22.65469875665451
-3.465268110100425
2.3028997127343622
4.564202870687907
0.05240802453207305
-1.3432672420436331
36.15246170832148
-16.122624559750623
40.405429804012705
-10.244642429582559
-14.434183330271487
16.908222114495455
-3.0370062442876575
2.228698608160683
-53.749999999999915
-49.426891890019945
22.46973676020159
-10.705339700604261
-14.50000000000001
13.998999310362443
-3.8953087075667785
0.5301681765416426
-16.707392701970843
67.00836843481196
-0.8767794466703549
4.128784862972559
-1.7132708893492996
1.427885603392868
4.9299057603237335
-0.9731296231389468
139.2326781231328
42.566541758853866
-24.447591975467954
6.43621249497715
2.2932843070775055
-7.436232222016461
-3.154698756654519
-0.43242545262361287
102.6011160704469
45.98255655507507
-44.46712402961444
6.763159178967395
8.931725816716257
-15.925788248893554
-2.3863497068529806
-1.0890672254007092
