510.87499999999994
23.515559619682037
13.928658787300577
2.6282369566606008
7.875000000000014
2.0630628144488696
1.9426050517161073
-1.1904192943940153
60.08731944246282
-32.86209384455904
-12.68809364041061
-1.4409996265700329
-7.413549314921873
-1.7728797706917074
1.9900457299118228
1.8052615732170767
71.72085634033566
21.615058172392462
-10.456029034767612
0.8933171725221687
0.671687422354311
0.37494795654230595
-4.29549512883488
-0.22223662000589006
-87.22395925534275
-18.684410177629452
8.075101968683143
-2.475999273136229
-2.7189301327691444
-3.553404681035171
1.8926121161135194
1.298739454787703
23.37499999999995
19.798874798544364
-0.8726445441937267
5.875973183765222
12.374999999999993
1.3295808195920593
-1.126828070066116
-1.5073853851649102
-17.79402567598604
-17.564350914916155
-12.144334866421609
2.3577605541330087
-2.7765941798998606
-4.296078665505918
1.777302938364451
1.2631817978385027
27.794334239353905
13.849673158160849
2.704504871165121
-2.1387283022472614
-3.93129571600141
5.336498134355939
-1.793970965232402
-1.029782438809542
-42.76306963121422
-21.783573191614778
8.416293329928196
-2.6747122047762133
2.3978595139180925
0.3246118335584386
3.7960607003109885
0.6341717832011884
