717.2499999999999
39.091361343087016
-13.340210530267711
0.8859829627837996
13.250000000000043
-14.778777411691294
6.337490276768413
-4.173516592699674
33.88006926958358
17.32140163798473
-6.878239443097387
4.364584870509962
12.354728661977628
-15.304562151642882
4.709033156208845
-1.5977191102771497
-89.82717023220599
17.78548866368204
-9.760407640085635
-0.8834608202512992
11.525280513646527
-10.416286738002261
5.659902576697319
0.018006139383832664
-13.349406378809595
37.31772801081512
13.604419618706984
-12.090030365973734
4.237757870313399
0.2626652299471113
6.003573068602325
-1.184165361196941
23.75000000000002
-62.861520278950096
23.601372533096132
-8.438746435648625
-4.750000000000011
3.976669510692135
-2.469861241854602
1.7756481680506644
-105.53363221718183
-83.08843558770846
22.57841368646274
-15.68277125268294
-3.096397057150744
5.276321866988964
-2.1610221575747572
0.021786464796697436
-128.66897251503306
-29.632540509808592
26.15990257669733
-13.40063420152789
-2.879741148395069
7.736218182666646
2.260407640085683
1.9705355884516076
-48.49058389698127
-24.543155592907233
27.916875108218044
-2.8994963023386964
-16.987183792082025
14.137185819415363
-0.7648587940390983
-1.5076931389999586
