505.12499999999994
16.143884953666102
12.113728770679444
-10.607646712417278
12.624999999999993
-4.287427439698
5.4003541800896
-0.18241649229340595
31.852779837982272
-0.5109952281974932
-19.45094145045537
8.814412664641795
-26.771222254988874
13.905804213975351
-5.767786573978891
-0.426517744053845
98.73141777504338
-12.597863447078781
8.002601910021397
-6.754770708298487
14.136415027683876
-5.624533957367234
9.279252339470942
-1.5638914395859729
-4.261233014841211
6.8449395959813515
-7.2218816356721245
15.321117541990212
-6.2983501130401525
6.083453558542706
-5.070856448039386
0.6396249359345585
-21.625000000000004
-22.70016215676963
22.06184826937652
-23.480552428715903
-1.1250000000000266
-8.078068951797736
2.6326984139866285
-3.830613228803856
32.1722238219088
23.95961746898294
-14.085341606329397
15.180540470622313
5.718193119930399
7.7551540899180775
-5.192147651993393
2.6672700663176627
-41.572387399929845
-13.976359182482183
-0.9707476605290397
-10.222721478973176
3.7507359497934907
-7.290853564383663
4.997398089978596
-2.3898900483036902
27.372482973586237
34.670569168025764
-8.503022658692272
17.271865315688338
7.416010536045317
3.71517025972431
-2.4480023509744036
3.434723596289217
