722.2499999999999
34.81393507831896
-3.0026084806617632
9.031574015906784
9.000000000000028
-6.376504792555814
1.2437211551863925
0.3684858047545241
60.31651739249335
28.16128881438012
1.8300197016869792
11.72921820548824
11.234976303574053
-2.576119890963133
0.9071832023082542
-0.25522365898684685
-23.63371838302009
18.843035989142102
-0.49999999999999645
14.98998536571288
8.779671845970258
-4.799548897895379
-1.346194077712549
1.2405090271980057
-52.95031072572452
70.59583808421348
-7.0378682166948145
-1.304262371028564
9.123316796496063
3.709116781479077
0.4825103402356561
-1.9011407654550636
63.5
84.2713428159531
5.559691719268443
4.67133887343684
7.750000000000014
4.1194627730197455
-0.9499094623688866
1.3872273019715362
98.58245324805965
19.87170351393226
4.846630839469869
13.280184593344606
-4.478358073394204
-1.9591935962619988
2.62464241999031
-1.2239670691811453
45.5083492932021
-9.546866272937251
-7.846194077712568
3.8282231550032364
4.210684300333739
-4.19026723978705
-0.5000000000000044
-1.2488048202493267
-8.532715586754543
4.315844152878611
-18.002554369594073
-5.604074955642211
17.061937376961822
-4.241344542988911
6.069851654512315
1.102167152910491
