911.9999999999999
-45.77101108399876
48.93161963037895
1.2419599745842902
-25.25
19.436898030992666
-4.032257475398822
-2.702605169608553
-135.23282382818346
91.62236683709405
-34.653865848415776
-22.501445942822954
-5.3648434997391945
0.2903253894529172
-3.4806557630882438
4.098149372873785
123.1254951726024
98.18841338808004
35.86700935788389
-22.37600436916463
-0.263798931529287
-12.310515954766014
-2.35355339059328
-7.983633670942483
-165.80429812124567
104.46814659654032
-27.071393543602525
-35.19901974004989
20.314547295216578
-17.515672611534885
3.1573253380779747
0.5577661554548321
249.2499999999998
131.7333382097466
-111.32796686608756
-14.893979334013409
20.500000000000036
-9.892159911834923
0.38248328500231477
11.11382724326658
147.83464631251655
-59.31995946427456
63.09171820133464
21.241686701345934
-19.09194983985213
14.312457760465609
-9.292669985354326
-9.15800774295835
22.873017695560755
-6.015043155912947
1.6464466094067518
-38.12172013110024
-2.5967114055520515
-6.0078302227810925
2.632990642116126
1.8768007968565832
-83.77834107709354
-43.14449131424551
54.07725643015577
-19.164171049954298
-21.550175723791263
0.7607473659968047
4.598617343251139
-5.735804857509754
