522.7499999999999
31.042654417547
31.546036586102453
-3.7535376686998347
18.000000000000036
-1.024206506179965
5.6044692619621586
0.5835775142171364
-57.92654261924164
-6.118768509264779
-57.527124155346904
-8.84603098243463
-28.20425672980825
5.698312377580049
-5.958020713343763
0.5831634797615228
100.69422003502834
22.604844104708416
36.49200935788386
9.571149887763331
3.1022621701837476
4.433395554675863
-1.88325214724778
-2.5762358171050197
20.57510381157183
-47.667329576707274
-6.053218075142041
4.058334485795033
3.3757000121280987
-2.104559171541654
6.182704247490114
0.07245732303179198
-16.24999999999999
41.38971290432077
5.751033435450982
26.74324879804822
-13.999999999999975
1.7254460131184413
-0.48796969611323604
-0.7669064345821135
6.413422173878306
-62.940359515282694
24.820489417510423
-40.85418934743787
6.510313499157949
-6.510237446938746
2.8981738346005805
-0.27125279140433367
45.15306248237515
49.90227133109368
-24.63325214724775
28.71589713220996
-12.108921067851007
10.438811422227582
3.257990642116125
3.5796521729985127
-23.14732769336093
-45.16646669613469
4.40224295420029
-42.094389162883
5.566899486236932
-3.478128790183714
-1.3888287113226667
-0.9293285295915226
