699.6249999999999
-7.74899929133187
-0.5856319699200299
0.424474117574988
-1.6249999999999432
1.512107929401168
-0.4339184206827653
0.22104595967772056
47.67567701784526
-18.878074316778953
2.8658784536618906
0.3481591341123007
2.930633894038734
-3.09059752916742
-1.4210778359401859
-1.8651528069687107
-9.049445024645776
-40.122728270783924
1.157931995911329
12.554831474882016
-7.230532176593798
-4.513476822680316
-1.0277281758684949
-1.1633904096819054
-78.48660610510385
-26.02096447054552
-0.1516032064199786
-0.7304303805673928
2.707448703231316
-3.7852651841123355
-1.6539686854744535
-1.3014385177565533
-107.12499999999997
19.703286468440474
-2.760031776161565
-11.349131527329476
7.624999999999986
3.279271499451589
0.1961494190110038
1.592668939494576
-28.3634844669972
39.77720508627652
1.6549512823459427
-2.810391449959413
9.209419546662396
0.7334787077723233
-1.4002781850140096
3.3230741143291715
9.836858987802579
18.586538351980078
2.9722718241314996
4.143456187211731
-4.717059936363098
0.5766018454306081
-2.9079319959113112
-2.394331994275999
30.61793154154546
2.1097209271842052
7.501856388980013
8.74655894429276
-9.00445434837863
-1.1276074344076634
-4.348124941289569
-1.6249740104259995
