530.9999999999999
-3.6003632618916015
49.44960208778062
2.3015373057447874
6.250000000000028
8.962158743813312
-3.435018684106524
0.891639536685009
-112.64362971256493
21.719377387329462
-55.49698717379411
-23.324215486437478
4.111071493619523
-0.7427907872757231
3.657636468140131
-0.6880646697155761
19.77055537801435
39.73863064557734
-5.198223304703385
3.064323181713327
0.4659225976864505
-0.5040091962669404
-4.579058453981617
0.2650334267771932
98.40157766915812
-40.28684024978777
54.440277703014665
-5.718684867196643
-2.338871810640139
10.978729662729123
-4.031867078677269
1.9294391384907676
-41.999999999999915
-1.6440422857483803
-38.02679155076918
6.937465648163862
0.75
-1.7622944000194511
3.5743005405737964
-1.7855009915644335
-5.64615194826405
61.374754554775336
34.327836775351514
16.31719460345714
-1.1313105521671716
-11.342868138950227
-3.479702411289339
-0.9458499921180508
-0.6124867711752344
-118.38736510449507
23.670941546018398
-26.965257816018234
-11.28751151197487
5.404476164508804
-5.551776695296628
2.8679577721900147
16.199171755874293
96.15040027101239
-10.763137721894967
36.90180052960593
-5.66558966589505
-5.628409179703642
5.861098993397388
-1.6578243811826052
