696.0
-3.98425064131024
5.951990557290344
-3.577977848911573
5.249999999999986
4.593267717270635
4.570154089954116
-1.3604091360314214
126.54739801937515
-21.096272478790045
-4.685700685339906
-2.0161789381029642
-2.757720997930708
1.5380461244029053
-2.214456587850215
2.4926024010870016
30.068046062197546
-22.92813618135689
8.505203820042812
-3.405358614832087
-5.032093856209926
1.139394894145406
1.3336309447890224
-0.5425717125092908
72.05734256334871
-40.38276664248534
-15.711494043364816
12.030948185295516
-10.785797842457862
-3.0292368908883702
0.16744012102674244
1.452337916225558
-35.74999999999992
-34.42484199552894
11.023712580445583
-0.6097647793104031
-1.0000000000000053
-5.909433797860309
-2.1307888078655766
-1.4184613796245782
-39.238311697349694
-21.033813368176713
-1.4683748431485615
7.95604448335016
0.07157023393217399
2.8538281255547133
0.6140075788504522
-0.3160098162956637
-50.879515583401286
10.907548544658146
10.33363094478901
-5.645618581933344
6.143332273472949
2.563333379267433
2.4947961799571843
0.8325843654009353
-26.920723102764033
8.477883775325612
1.0376259376048278
-4.604802950592567
5.261313286701133
4.565296513848141
0.38924576535581235
-0.7885038320602058
