622.8749999999999
-32.7736243657222
32.96667634898624
18.446875471806678
6.875000000000028
0.9544348996820986
2.174741479161689
0.06233205006817144
-181.0684524733437
31.04682261295155
-18.58581033147508
-13.890766556425309
16.85553323312209
2.225760850712046
-0.5011976311552768
-0.8201775286455097
-81.20936916141275
39.48463362595342
-37.658824830278405
-19.210282720823432
3.0798733988368383
-0.37026334966884455
0.04333963599698265
-0.2699956986160803
69.19305899065336
42.16445928378609
22.840425431973706
29.706353148587954
0.20995288827237168
1.6394939576284413
-3.2849482023594283
1.368869427658936
108.37500000000003
-94.84427928844377
-9.999354487014607
-3.435162853880083
6.375
5.473186246977505
4.277167268534237
1.0578632845905531
-99.34909497788664
47.40714967255519
-13.278190563701658
-17.821184161026334
15.84561607431121
4.061413804378363
1.260325784735672
1.2567121999266702
12.666673217755184
91.17383240051555
16.043339635996972
3.4728199965614177
3.189142494015787
-5.100767689126732
1.4088248302783688
-0.31261516379582144
17.560066443473954
-122.78085564730024
-18.761685653122413
3.1819862331473345
-0.27544588824527594
4.833214343360588
-0.5620697243189419
-0.8145895659179487
