631.6249999999999
28.054715996585614
6.481579836064256
-4.441596892284721
12.125000000000014
4.862220530783453
4.215492003162076
-0.03793293291016653
151.06724497043757
-5.291253580869583
-4.238794098799939
-9.85495450088355
-6.502324878976477
4.962669266768119
-1.3344134445619105
-0.4890450138709541
-0.4883113690334058
21.720881521038944
14.430902768920546
-11.125912014850492
4.23190652736289
8.184481649764669
1.6637671451895713
3.392437204626592
86.71625657827356
-7.489744773036781
-11.069243769496628
-3.0005595842228914
-7.775716048481062
7.133592418313037
0.13391970812955378
-0.7828516672725456
56.12500000000005
-1.107856514986577
-10.550165992817693
1.5139913520561645
1.6249999999999938
0.9386613111577118
0.9875462135987503
1.8806645291057835
37.51759218278538
-36.31423524480706
0.8814836491087856
-4.144582174738995
-2.944949517287064
-2.4565471969636388
-5.236095316659965
1.8083522658194724
26.585575073841568
-33.70516888749009
-16.336232854810433
12.53854846874733
-5.135388704242667
1.0207732649949963
0.8190972310794726
-0.04931762606872003
9.129409559169108
-4.767219606922971
-3.26504149048757
-0.26076630562436565
-3.7111700907217866
-2.7578675888039426
0.6904127075789116
1.248360362056133
