766.6249999999999
-36.503125037450346
48.474487566951694
5.433574391958359
18.375000000000014
5.205082825892134
-1.5428237493103012
2.364898433954668
-180.91767637250015
-8.923066267385444
26.855458178147284
-6.8931831879710685
13.452891755912262
-4.026087599667587
-0.7976334145316741
0.5634153112710969
-134.8457585609423
-0.0642563598300292
-41.86961126790528
-34.42984474551305
-14.28249600269507
1.2896371476564141
3.8732909243456497
-3.665576698712515
-165.43589280382062
59.63690048283759
-35.95504037231528
30.709031939790638
-23.301412089932274
-7.598168457221952
3.0352157211086066
-2.726068475671685
140.62499999999994
87.27381288191674
-2.6343481567819307
37.668630468704905
-2.124999999999967
7.990141751903283
-4.72667534202002
-0.44832850548133596
105.30212525239182
-90.6071926450135
-6.83780871978653
5.241559141977035
9.432709473204905
-0.8545857148302893
5.086508569772834
0.04501739080080913
-41.69565502692201
-36.7577133954166
28.12329092434561
-24.173213770235925
10.922067475208102
3.694949878490056
-5.63038873209471
2.78040154791856
-39.01166063509318
40.403142910469995
45.04177796377213
-17.382029308295685
-4.245631874406477
-4.059922067285841
-0.9516956828798961
3.0686200424250916
