545.7499999999999
38.686825845878445
7.839377789258194
-0.49622875186470594
7.750000000000007
1.676221762635386
3.24717660087709
0.38541354279184503
116.92812742264172
3.445472594514186
12.158913924598407
-5.234565546377112
-3.963545650246342
5.145749042864869
1.591750678471291
-3.9976538364823204
-54.332798681866365
23.397587942004712
18.41726188957804
-6.196771795827091
-2.444997856314777
3.264326825447535
1.6139610306789498
-1.9467185308199921
-4.692994249927861
24.133809175786197
16.032457362744125
-7.915252026774415
3.996511044913529
0.23560494801838916
-1.2423775609465182
0.1993805647426655
15.750000000000027
18.965904659276998
-3.3128346976800547
-2.1391800123695655
-7.249999999999988
6.488711225303145
2.4546132619716508
-1.4106721676274037
9.165258765455627
43.87473557432778
5.712413425961171
-6.0070357391008935
1.2186083247174562
-1.0093691756843355
4.304805893804559
2.7667998179023243
2.751724440379751
3.707117030244643
11.113961030678936
-6.7709232618214115
1.2833493221318124
2.6062930841414325
-4.9172618895780325
-0.7592581979640576
7.7321959472620865
-6.24029452360161
2.5663118257391813
6.721260315019029
-0.5772340056050549
4.191318314552476
2.0724317938780583
2.4791486079445657
