829.8749999999999
-24.144426989820033
78.6154740429736
-3.4150520068512265
-8.124999999999929
9.605380784928698
-4.556697378424133
3.4724955147956678
-61.51015959379849
-63.79985840766099
52.47350652208358
-4.042740671014826
4.690478762717631
2.2904302686205718
-7.834248601851383
0.38003310966625703
-125.8430824947058
-1.2806012081362947
17.68826208180124
-26.351909752162836
-1.6380114089239335
2.496243236561793
4.856155300614705
-1.4575521592868657
-120.55818280113819
-72.61082575325729
-69.20736488793389
-14.587643417029161
9.802763115344083
-8.225877331037953
4.164094185678229
0.6004597553083642
-182.1249999999999
74.87122946059065
-52.83008629797897
5.9088122079872605
-2.1249999999999574
-6.371636875162018
6.052952316687662
-2.867870443619811
97.16608266971946
118.24105351262467
-56.12808463647264
17.494685417439193
2.1066070413735645
-13.027580272120622
-0.44756460433489487
-1.8820108575323715
-15.38830199309485
36.0558689413008
-1.1438446993853368
20.453749686992005
-2.974587135088668
-15.686530081268849
12.561737918198766
-4.302027080984802
-22.705499445157688
8.600595858143382
13.717821212371842
7.9807548356545315
1.1313492184907368
-7.884253938947843
2.1887917109048094
-0.5849179031892519
