507.125
15.789006260804541
-4.383620076600224
-3.1335133579607515
3.874999999999993
-2.13464985673658
4.1158383136400545
-0.13836661769533976
140.66638535232613
-13.564051174571393
6.410857667783073
4.05462358658777
-5.697358345673518
6.007554051131089
-1.351935545075115
1.035239263282742
-20.65679815929588
-20.78565650683961
10.581029034767608
-9.656896394921606
-11.44121647692754
0.18060993077800047
0.4152913087920487
-0.9804478151590065
-34.21154378050945
8.906354522039383
-6.53970840205605
4.320760613909109
4.599226053553689
-0.26233247289279493
-1.5479312188107213
0.37750428444894113
-11.374999999999984
-17.48710948125118
1.3974261201391958
-0.5368809445745888
7.8750000000000036
-2.9722939645304978
-1.5259260266319206
-1.00783402924432
-5.810676952934847
-1.8597373314825676
-13.825951763863591
-0.5426625587826868
-1.1425681897494262
1.5055110179991824
-0.030039239678247398
0.8708206161066493
5.985644477089382
20.260624098321898
-4.8347086912079575
-2.210202939810962
4.062611909607153
-5.458727747953498
1.9189709652323887
1.2869899833146925
-8.394154955313923
0.25490917739287666
5.214538383149306
-6.972020145198309
1.4210086280771879
-0.9631433663786237
-1.6386098136399665
-0.7622204573368969
