864.3749999999999
126.34730989156941
50.3839218973464
-40.81311993246388
-11.374999999999943
-3.383623767968132
14.172743709038443
-7.608226780198045
190.2131854360175
0.12563764536256983
-81.25855277234565
-26.081353287599207
14.804482160245579
29.738109254261147
-10.26803607103793
-2.145204854609762
168.54503134806254
100.70678594005406
63.568727406975675
9.046212182237014
-18.28659060696332
-6.245872290243611
3.802854441715568
-6.3905865533113495
28.699098389988485
-55.29135554285979
17.96153152828771
-4.795666697707851
13.752650289301979
-5.864596364404406
8.414355061869323
-2.108751717933149
167.625
-37.08140286896331
-46.99183086577584
35.19089811081119
7.875000000000032
10.424630302894105
-17.7425782197041
8.56357603295068
231.408187255822
-103.9754022371191
-2.8385569215038373
19.47423840042744
-36.02031314124792
-33.60687656610869
8.429876197499105
6.910547418283835
-145.44579285039708
-140.55053677052808
-10.697145558284399
15.923274783993556
40.45221692285008
-10.784965891563651
-7.318727406975677
8.500837488409399
-130.10570398279833
-9.806370089777978
39.03678928307944
37.05998778459521
-6.904090033709913
-0.9971993325469235
8.548737626432057
1.7769056184540553
