906.3749999999999
-32.93314850679212
64.9282254158553
3.3095344837335006
-27.374999999999986
5.0250121911387
11.395472537278494
3.044086629756677
140.89783561093685
-72.0684239011842
53.86454248451754
16.289904116470723
-16.500464340800754
8.970917028767992
2.680518236292894
-4.4464765005160345
-47.600051754405484
-35.352593621056364
66.65971766464544
-0.9448949164183222
-23.458449518118105
7.251114741068451
3.5813988588714283
-6.068450692540743
19.545790672387962
-73.7449352064227
38.82317827217581
7.53443971259977
-12.118736584955979
5.138592523614895
2.8114291693346836
-0.47986754700081313
-130.37499999999994
-149.82908258082958
-1.150041712810678
13.309000458651132
12.374999999999993
9.722611053865997
2.776446300362335
-1.7028957906506155
-109.36139547230798
-49.606811724993165
-1.549335871209319
12.974378961241765
1.1157648864117435
6.2203942833392585
2.8694139791681916
-2.1625669201045503
107.5256542550562
-36.148358284314135
-79.4186011411286
-2.3492940603644357
12.287489418343565
2.3529445115817813
-7.409717664645466
-0.7156828610784927
48.96845584142939
-15.110690062889091
-32.94367757818741
1.4467146849138959
-2.6811320073177187
-1.6234166115353448
1.21971684826493
-4.686410094754837
