554.75
-41.67731671285691
13.425099438384251
-1.0167529731337481
0.25000000000004263
5.033403809194169
8.239642290141745
-3.447075731896703
30.09307073731984
76.60304234774813
-21.720557155801117
0.6532961995475599
8.444997438991724
-4.262931084069679
-0.46048900964117223
5.248462836941017
140.88977881781318
-99.3758226846972
50.56307716974932
2.360108646264834
-13.339043985949893
8.104222923122293
0.9230970388562802
-3.0440742929578324
-98.84563903993194
66.35632076080437
-22.997900026553896
-11.302026570016675
2.128430020901334
-5.6729591252818
-6.086989321291329
0.22128586978200104
83.4999999999999
-51.45549456140941
10.261162002828419
12.128987591875976
-11.99999999999999
5.531671991532539
3.8676290349139144
-4.485570689998328
-75.63601044995674
31.097626449245553
-10.66649516979594
-5.243134102780196
6.617242445823814
-7.354457855371956
2.2915475799360774
-2.5973678690734228
25.256340286503463
-35.93855718776198
3.6730970388562776
6.141086314532062
-12.604856426825872
5.37043166943187
3.1869228302506545
0.2157898332341961
-7.5508714464057025
25.67828785944259
-9.674826485935078
0.7166197139475026
2.1187039233306457
3.3343838805199564
2.5343490354230873
0.5534420776404785
