936.125
26.647723207286333
34.35531193486614
3.2954712121672287
-0.6249999999999432
4.712350580837537
9.44689323841606
-0.14131298918591284
240.01733972064306
24.21926318583082
-0.6488515446873464
0.985901639588878
4.446995541051617
3.456247491774974
5.801584637390958
1.2995145491098352
68.82441761662507
30.360629387913065
3.6527281758684707
-13.820136847042827
-8.111967255046743
-6.577313586928685
-0.24561242124449745
-1.8946845508657848
73.09832585414368
62.07750497638396
28.803317243698235
-12.016960918863385
-20.031626630815154
-10.563819944696231
-4.34888756257927
0.23589528518108227
105.875
-16.76640129415541
-0.2125639432117019
-19.169829677853325
-2.875000000000014
-0.6769653773430289
-4.106222907983252
-0.6201900058162906
-102.32285840202768
-34.729428806667435
28.51377308558737
-10.59935385062895
3.536591271298779
4.735737998606405
3.132254648618267
0.7451366900657789
-141.21209505468158
18.280413469067604
73.25438757875553
17.388861109141345
2.954189779457142
1.9893121799990094
5.597271824131535
0.0821395650318042
-21.651363448647043
-5.736019356822871
5.164072952351661
-3.6238792054567304
11.264465693554103
9.979435161075218
-0.8589388090542033
4.561959734426147
