664.3749999999999
-25.9699930557518
15.32409349172437
-1.519251086766971
1.8750000000000426
8.327082758325474
5.9647639229803175
-0.8506054053204295
-201.32513579395643
56.87817873590529
-31.23438125560962
10.0272943609421
4.160774866731948
-2.6310027990859055
0.7213048530329296
5.281990381004707
284.4746146608253
-8.34670739695403
32.6018443149389
0.3116372791428077
0.9739479765110772
3.8521448087060364
3.1444760286206908
-3.6711786421288455
-148.1071656919836
-29.712014294201353
15.862748532415372
-0.9054470877804324
6.688235996867785
-0.7250741976707866
-2.2251648620385014
-0.8224759406212279
78.62499999999984
65.45057232123894
-19.05244067017101
-12.407934930514157
1.6250000000000124
-3.768113246948253
-7.126412457163413
4.59668969374339
19.801293051867958
-65.83311565040032
24.98574308975256
3.7813922808429226
-12.56179290273603
11.41191356629411
-1.224966044313958
-2.095004936317463
-19.74145039187585
63.733594531338795
-31.60552397137925
0.2476332007214772
17.050151768798127
-15.775173558636732
-0.10184431493892454
-1.8453429745999763
-15.064144904584333
-42.71154314048163
20.2274325386651
-2.986006558798022
-6.400727367053205
4.1828859519636525
4.61010526552579
-2.8846452144189967
