856.2499999999999
26.09052189608468
19.34144466016012
14.61982702408038
8.749999999999986
3.9891828945528403
2.2712372086506107
-3.6751523519043197
195.16220243099443
12.81037325558868
-4.499923847544483
17.307728946030885
2.0003090786297903
3.881930761146373
-0.5544136350031721
-0.9225136111992862
79.09513640330513
20.33503906852788
-16.442388155425117
7.623608545630435
-6.047661415381681
3.3632068231601755
-2.523863607376257
-0.9951748013301596
12.970528171763217
16.16872130494921
-9.862996264078324
7.438030363171283
-6.52080388630726
-0.8100197280143577
2.444278832770339
0.9791188827277181
107.25
43.396400022256216
-24.119354990497772
16.6941445551852
-2.2499999999999822
0.5946575646078669
1.8726224505624014
0.7611734754682145
195.20567924691667
-15.272012101541126
-56.85638215683214
-21.59124264827132
-5.340885527919337
-4.284224440883797
-0.43311751649923025
2.0014594153711522
55.723284157904175
-30.53323115993032
-42.02386360737629
-12.944518682093179
-4.801123973082095
2.9257903693162683
1.9423881554250877
1.7076965602529275
-26.537199004021367
-16.203736531456254
14.657373419916446
5.285331128431718
-6.9247976175432555
1.6006221648443395
2.918173787210789
-0.4641791778761188
