775.8749999999999
-25.600676858890736
-13.153676516913606
-0.7956398821099384
-4.624999999999972
11.589591666924974
4.501338033118081
-0.5840946315411806
-378.23115958651397
28.39845038899587
10.420754356106102
-0.17282017056681553
7.061682499357872
-5.026357099133513
-1.8750781060819044
2.1845544077978545
262.3111212862113
40.378198006056614
-17.909456159513812
29.97082328523589
-2.9802197093147385
-0.28854566625365585
-1.3619904498929873
-0.6648504143822853
-46.41225274184873
-80.60496943524254
43.501440533111406
-3.61220932456445
3.333966877256433
2.6239011307781315
9.795211668750751
-2.050273175190934
-79.875
44.534734091435205
-19.966704797025365
4.438429863388663
5.625
-1.2223820552804803
-2.147545004986414
1.7032562531399353
85.03720329232648
27.124389314261332
-9.406795922599542
-16.082312816041384
0.412966719785401
-1.5351301192093136
0.45102515282415423
1.6897094523050344
-5.9608639953017954
-52.0239738141901
16.38800955010707
9.305130706825434
-14.05434240668027
12.093847288562904
-3.590543840486184
2.0273484121164502
24.94903343793672
54.47834046097827
-7.102519505470294
18.731678211585837
1.668611287259269
-9.746936309637181
-10.176366940653672
0.7488890547779192
