733.375
45.030526720536116
7.174489485447722
-7.11511082941206
-1.8749999999999574
-5.1926565655413555
3.928479428888238
-3.670923446302364
112.59727207351234
23.806422305513696
8.696617792448745
-20.48673756920759
-3.091243634151864
-5.169180024721635
1.8962596306923212
1.4761457177222752
0.9988113620508587
13.97583370231949
23.05742693252298
11.275767113822862
-7.930240944521084
-4.562683766477672
-3.9168154723945032
2.7248559653138718
-22.83338663652545
-13.633437897991278
33.51373802381758
-6.024877928675229
-13.092971568666819
-3.9047114333201027
-2.931256292779762
2.802785179308003
-128.37499999999994
17.66885217508187
26.123635307586085
-3.5102107330501866
-7.12500000000003
5.1883059077421585
0.6796530852159446
1.9708031947333158
-21.42423246491914
59.60496190455143
22.799970708903764
2.626511486936854
-11.948240830767851
3.0469558673173767
7.0499624380012715
0.32887270323810514
41.93487362402594
38.794447437946644
-1.916815472394499
2.912065597190553
-1.1800544740990575
-5.675262659213502
-0.8074269325230006
3.2737349963532747
38.07631205355214
31.00736863797924
-17.040748373850086
11.706869423492279
3.8820547840505872
-4.394484653067051
-0.4554105368365198
-1.3285002441558331
