813.1249999999999
13.590837168783082
-50.6556864917374
-32.04116034023271
-2.874999999999943
8.367277802901768
5.422884476993808
0.9106872526793985
-302.1122783465122
-32.87880671724874
-12.655375550238332
5.281065761172179
8.6496781146136
-4.723425021952512
-5.210723795427885
3.2321287536015486
43.598573289887334
49.02848226723611
18.559582425360883
12.138571540940587
-5.449597752691837
7.611001586978355
-4.456290539899236
-0.2469505923434253
146.76169454028124
-66.71060338739792
37.66221616904389
27.940949652397933
-10.202283461013742
-17.76497239208902
-8.168498742539871
-4.149612132280977
-234.3749999999998
-5.281653946214625
94.42952864652673
-12.969612600162266
-2.875000000000032
0.9101714549585065
1.6110150821113356
-0.502362933272777
58.52839930675121
-31.30838748327261
-27.859160031142046
13.606347951470523
5.905618259915485
-3.924445357902333
-6.884440978193696
0.4710073038377329
40.25475943396388
25.101491803013392
-63.95629053989923
-40.778455413907686
8.075155375214518
-5.438475524648055
9.190417574639099
1.3058886061727373
32.558259513282074
-23.896550902838854
-27.573249180923938
-18.958185669283242
6.738520138936489
6.239065376725793
4.339992295291156
3.8623024227531673
