686.625
24.36425160648973
-8.910163168178485
-10.730060037339825
-1.1249999999999432
-5.297032356628094
-1.585951549208822
-0.05480386463931097
121.45019612109158
15.676836580541416
4.085366812946699
-14.777360169761495
7.9402685459953055
1.7776281903792732
-1.1129252776112857
1.3052610318475661
25.914229324407433
-15.24365474940718
-11.982679464217155
-6.190762039292922
6.238178260166579
3.274124591410361
-0.7029807075626704
1.0431073135795106
75.67243775447562
-18.502966075806526
0.5735497552621212
2.3941352688007207
3.3103083170052496
-1.0429286276992453
-0.5949029784716684
0.058021321648370705
8.125000000000048
-68.18685505157387
-5.63015751889975
-8.303935652058367
6.874999999999996
-2.1548837114217996
-6.7329470748236755
0.1281680630125117
-68.7511478477218
-31.642545100804462
3.601592729683855
-2.626559572488282
-1.4993664905314086
2.0222337864102577
0.2779212444869008
-1.5930634991092294
-27.917001424258046
-14.385982933542696
12.54701929243734
-6.081388781071774
-8.131198066360518
3.220578753374446
1.982679464217164
-2.015085250948522
-25.082348296443314
-8.778369912941448
12.085782069512177
-16.687530767076566
-4.450662241837171
0.30716360939456466
-1.627411384432615
0.4067943642475994
