837.875
5.818554516863614
-115.28927534337743
-3.364553672590546
13.125000000000043
-3.1029784700970424
4.8645905068066995
-2.4511684015296886
-200.81686739962413
-24.285879584360117
-42.31324363471255
11.37821955246504
-20.199094051722348
6.627728389969096
12.692016292642005
2.127676795363598
-57.16460432753453
38.096059573675575
-19.391689206547383
-3.984742172703225
5.729811208421815
15.318925838229893
-3.5924378281924483
6.587620113670152
216.7579947473297
-28.33563273420301
-28.240085403401736
22.02439875984479
4.54856888525245
0.900621400489861
0.23919957607789932
-3.9213778977578198
-85.62499999999982
-17.137125466275627
41.2980066657886
-2.9369923277992527
-4.375000000000018
-18.507511601011057
0.07678171969764686
-0.8529485084209943
-163.57005842770346
92.26504665852863
140.41230335046498
-0.29823323344901453
5.6963137069962
7.040202573506951
-16.67338881719056
0.9278232330875564
-63.86011479849104
-67.04711266587341
92.15756217180757
14.712080723166796
-4.132252837840856
-1.2392283857129627
-8.608310793452551
-3.510630164168319
-57.35159951453781
28.428822161424748
-6.602484534101059
-9.891184357259762
11.57245137113457
-8.465449208305873
4.807064244723476
-4.278721748991719
