135.60294430296275
131.10550881504597
125.69405565252639
123.11528090893569
124.09608906476944
126.52444298626357
128.1941390904541
128.70383226762215
119.37746299209473
125.92059389112401
132.89550610709625
134.62972460489598
131.46192808519527
128.25068749966798
128.23166440783794
129.82933622354022
86.24799868661421
123.86825466759143
169.85453088767545
191.45756315050528
178.26027725206558
144.8228500194308
112.97016194178173
95.54995842729437
55.1025482814601
74.03733262562963
92.88203499483475
95.71810700529323
87.28552759949773
85.1810810081331
97.03883496548345
111.03310070782989
134.93615229989302
151.48582065879606
167.26395942814614
165.86026066795637
147.77922564137654
127.32479820692713
116.1611381120493
113.66007779669279
129.47596315277775
111.21562904958972
85.13798056932227
65.44528999390388
61.47999051764927
72.8365121616128
90.6690807029957
103.45795881918959
49.91438929597292
52.52658530835631
67.93105743469211
99.1996503347325
131.3518178893001
143.57462259658482
132.04428275464025
115.61069057426802
118.80629915997625
107.28652770778388
103.64462220178902
117.86036516202489
131.5713857783939
116.78875279746231
72.13695074867466
31.618803355314775
