58.06744806571917
61.16387310897548
66.88532055181523
74.3607518861163
82.45210045618515
89.92753179048621
95.64897923332597
98.74540427658229
61.02655076827487
64.12242203477727
69.8428462316
77.31694063055127
85.4068421122252
92.88093651117647
98.6013607079992
101.6972319745016
97.68675162085103
99.75781610783834
103.58464428791545
108.58463626094948
113.99658857408608
118.9965805471201
122.82340872719723
124.89447321418453
209.27297539574388
209.25977392365047
209.2353807839182
209.20350961094698
209.16901250190875
209.13714132893753
209.11274818920526
209.09954671711185
202.62442790308117
204.2753728204392
207.32592125734044
211.31165486755714
215.62578183969896
219.61151544991566
222.6620638868169
224.31300880417493
214.1259830584048
203.0064231991422
182.46015567012856
155.61516345027724
126.5583532546002
99.71336103474891
79.16709350573524
68.04753364647262
72.70103024407125
73.22393334268958
74.19013228328998
75.45253203578127
76.8189436815289
78.0813434340202
79.0475423746206
79.57044547323893
110.61983294385335
111.31538546248701
112.60059893399166
114.27981125781983
116.09737757976629
117.77658990359446
119.0618033750991
119.75735589373276
