60.38167804405423
59.90317120846794
62.44419399507343
68.88112121519332
73.85469903225469
70.6344563382645
59.5181784581941
49.382501708497735
33.45802457817697
39.75904099924716
45.1271537699033
48.51605975750105
61.97685829769595
97.88106008080442
149.2327451500448
188.04905736662573
179.00775017667024
171.9607009492128
169.58926471089268
178.670946022138
189.63127709034208
186.38085162040085
166.56918271949345
147.19002671084945
57.81179884661073
81.93591486670759
111.70366054390063
125.22248800820084
113.43094808998295
84.09748482216075
53.262939767231316
34.534765055205774
67.68401313794834
65.54087852949066
60.5216264454689
55.473103772756815
57.9091247875579
73.43211634389482
97.50537868114527
115.9337583017366
82.32126524224842
63.65847950641517
50.000355495229385
64.23428900901393
106.17782322000731
155.02464001805177
190.31652498030348
206.26662252873012
182.36720150544986
199.592024828885
215.87770579270386
215.41033041357687
201.5610868727275
190.85919220116313
192.67107717724798
199.66138120824579
192.2574693342021
194.3228733648685
200.92138787556317
211.4022717217093
219.14757268934093
217.0048499465237
205.75088881304407
195.1926862547471
