97.60524639020818
97.60524639020818
97.60524639020818
97.60524639020818
97.60524639020818
97.60524639020818
97.60524639020818
97.60524639020818
76.66372848838267
76.66372848838267
76.66372848838267
76.66372848838267
76.66372848838267
76.66372848838267
76.66372848838267
76.66372848838267
72.84530130225316
72.84530130225316
72.84530130225316
72.84530130225316
72.84530130225316
72.84530130225316
72.84530130225316
72.84530130225316
86.73128575677923
86.73128575677923
86.73128575677923
86.73128575677923
86.73128575677923
86.73128575677923
86.73128575677923
86.73128575677923
81.33121424322074
81.33121424322074
81.33121424322074
81.33121424322074
81.33121424322074
81.33121424322074
81.33121424322074
81.33121424322074
57.467198697746824
57.467198697746824
57.467198697746824
57.467198697746824
57.467198697746824
57.467198697746824
57.467198697746824
57.467198697746824
53.6487715116173
53.6487715116173
53.6487715116173
53.6487715116173
53.6487715116173
53.6487715116173
53.6487715116173
53.6487715116173
70.45725360979178
70.45725360979178
70.45725360979178
70.45725360979178
70.45725360979178
70.45725360979178
70.45725360979178
70.45725360979178
