16.796399304275155
70.23374711619728
146.75383898876873
203.28441712642623
208.99996150100645
163.0303322930184
94.59324079132342
45.5303812576
60.86097820870338
55.83045998619513
48.05789666178919
40.879903682715764
36.91188773436532
36.757943274720056
38.91888462925607
40.91241492617597
79.89431045564861
70.5704284788171
55.903264755655925
41.747737905617726
32.82002229218024
30.47928168754576
32.520748909173605
35.0116531777458
55.56299142950842
92.85101138431335
146.23066329035476
185.62731489992703
189.52355815481695
157.3262253390006
109.45669348632917
75.15072901574547
109.68255055818183
124.5803248394729
148.39180598616292
172.23667115307745
188.76873944256909
195.47115332113495
195.0395473635222
192.79487035646457
174.89984038602998
179.79919371181893
183.46946460517827
177.739807254015
158.09995642345476
127.53990136675925
96.09468706583708
76.16364268609384
85.64193049302702
96.88236907801982
113.30793913888901
126.27457895358329
129.4641829238173
122.39116275895488
110.47637389138967
101.67715249682578
84.58438943450551
78.92790284891123
71.45968912945497
67.53617875475716
70.73830125790958
80.57856251512005
92.57526130691457
100.68254635322859
