82.81736937220793
79.11497313556494
73.49204974501595
68.52745140393607
66.19520602357225
66.85037682122785
69.17500716408433
71.09238006617682
66.63048696621885
70.48502136256906
76.61925503903866
82.70203920715444
86.81930792206877
88.34424434506977
88.03270792516645
87.32939457640188
99.94924069027414
96.31320684249448
91.03520165101263
86.95594136601791
86.13696569879609
88.7029562706488
92.82275496629202
95.8319719753598
97.76161197269565
95.7206023691907
92.2550756590609
88.32504711240719
84.83459523620473
82.3151096875803
80.84439201557394
80.21392541009826
46.34333482893429
51.785455988679324
60.06088078878767
67.39202089168145
70.88247276788391
70.00084676026827
66.66166634229607
63.89102139153168
61.048919481505656
51.882953425396934
39.056196727300794
30.33345710840714
31.152432775628945
41.388442107664595
55.37340530159939
65.16618819641997
76.34514884973524
78.20530375604409
80.15286119614335
79.78476633068662
75.66749761577229
68.42787189011224
60.65761719344669
55.64624123955221
17.77735470138822
69.58410470696555
143.23685760673482
196.30580971674905
198.6380550971129
149.87853053052297
79.52407067844614
29.50234400741934
