41.054273398979454
41.211484563897606
41.09993129246484
40.16802383814233
38.15559503655554
35.36901893003353
32.634568096952
30.937110609670647
81.25762840368594
71.14693550712343
55.571040655521074
41.294104674738094
33.595891248782124
33.64838358727646
38.33736060584923
42.55609602856404
58.51240735016242
94.4740764717093
144.92665832570376
179.56756013462325
177.12710035993047
137.97681687949947
84.0729037137084
46.24338754590481
80.77259883548425
99.66838922488601
130.10339486822392
161.10867997230437
183.48410860419483
193.82322458845562
195.03185358024848
193.26147484983056
187.84509283872188
194.48605625530644
202.14362725317872
203.12777712157578
192.67534860876984
172.37762920433508
149.93809204391738
135.29718618767015
90.03651118657778
97.91565213312612
110.28271629281656
122.15541260482239
129.534540733016
131.296695311843
129.36529422953274
127.13389344290222
105.51134179166843
91.65819520092177
72.52472541307779
60.1650338537215
62.92457892617665
80.38324490850033
103.41930076379026
119.38451171472354
93.64592365890913
87.8289292687906
77.95818727325181
66.77763033588279
56.86705901838512
49.73526796429511
45.59034559176292
43.82211708492339
