56.46410520875708
57.585056701292864
59.660040022376144
62.37843991437623
65.33013967539222
68.06576977403435
70.16512028703332
71.30330198621115
121.81204873601352
118.45361611570877
113.21435663818076
108.2584756184117
105.3067758573957
104.80862688652255
105.87355252996832
106.97285195855947
92.93223775352527
91.59029365332808
89.20277958930583
86.26338708964434
83.31168732862835
80.79704983764762
79.01023006758763
78.0930409760712
55.90875248136901
57.85435682692368
61.095575396995905
64.63862814201488
67.59032790303087
69.50130514865413
70.43442041266411
70.74794925882307
55.87137342420749
55.379445918629465
55.173473886113456
56.27899477999974
59.23069454101572
63.579203637771684
67.9595095043699
70.71057020166155
97.19318963537974
86.35137934140457
70.52902566541185
58.08976697197238
55.13806721095639
62.12329591375363
73.77131575566415
82.35399285792569
13.232850194793528
62.9966246908894
132.8835109805677
181.04983707719927
178.09813731618328
124.47778122890955
50.416561105148936
-1.6063465826605068
35.988986983109854
36.739605549364185
38.2908590235069
40.638925989225534
43.59062575024151
46.696588775165104
49.319669135104604
50.8281837605639
