83.00249152692078
70.69591441775549
52.48922559157755
37.564717864701365
32.72741283422594
38.71374634076184
50.07945278750583
58.683716911752626
93.33713648391353
125.59528559275914
169.05255963058093
194.25624301218718
181.22129001578963
131.93215407294664
70.04067272272353
27.806002507119878
79.94387636032123
100.25025631979544
132.71777088525624
165.25640670637168
187.85866836039472
197.08356640051247
196.58047680647638
193.57311898495294
206.0828224375589
198.52886317372244
187.56426701581168
179.0914605667227
177.3936523508018
182.72931827825315
191.2928510309001
197.547364143604
98.31780325349268
100.96708967098787
105.1261994038158
109.12089605624176
111.60689001400924
112.20571123263949
111.56232787086391
110.81573885456339
116.51491500161526
102.48992780992215
82.57020408532206
68.26665543714913
67.75194098077267
81.10442132627782
100.29622888592084
113.92727068790579
101.55543175536536
83.8617682918335
57.337227384530266
34.74433524307635
25.691741041827335
31.557620185952615
45.279859599189486
56.0449674212368
75.12052318081209
71.48589472322378
67.01754600310524
65.5742851135496
69.62340440217845
78.54846216265575
88.74313029641972
95.47682048886438
