86.34508093776304
95.13058583227586
108.05174162114838
118.45706257843163
121.45009239208491
116.57516940486232
107.88679697104529
101.39205792105224
79.88664698835652
84.02111654002331
88.99150131708357
90.26640126457772
84.98260560640469
73.94452433379439
61.50172407613773
53.32321240770009
56.16632880686869
56.735735344519476
57.715371959561146
58.853582256864826
59.904594559982385
60.708401773214426
61.21512101146259
61.45012446504174
68.03233601920138
71.37273206051748
76.83994337248902
82.6045654678055
87.0839511347486
89.59615451125845
90.46375116057752
90.55172848308698
96.18969905646676
81.48101185052604
59.93660899253613
42.80369573259502
38.32431006565191
47.180397853766685
62.38999275046601
73.67030659258116
24.01466080967927
63.64042131805379
119.50533508135321
158.56229183007486
157.5112795269573
116.51230526769999
59.16103565111068
18.730865151506265
30.296694249878147
27.93026108778245
25.4602573516228
25.953393793699764
31.237189451872812
40.507234334912
50.44965355166805
56.86012883053458
65.44957319311604
61.2128158149649
54.72456045554199
48.8679870146204
45.87495720096712
46.20113267182805
48.45660467619548
50.402596209826854
