110.57325836468245
149.39111913303068
195.31082385795924
211.62017794671047
184.7951289789986
130.2203792808836
75.89482307376369
43.82858005524568
40.435281787187996
72.41655243225775
118.54141601357829
156.25312931907615
172.95757278484714
170.7926041130654
160.52332321967833
152.6279118874685
180.55208221547164
177.66879625234566
176.04705730504182
178.36863543140512
181.87000414159658
181.3371539957952
175.67864387317496
169.9409296378843
115.5795945740093
98.19616459611314
79.7838995629857
75.75776312015357
85.67357504410096
96.72091106606551
99.62575522471096
97.31579771161145
111.36230726764667
94.12409881577464
75.08613452199224
68.49428055668562
73.40093027904601
77.75825895733418
74.20477725502357
67.91575144674634
41.03335992038171
36.7476121751211
33.313902346318145
34.792152086110875
39.32666459651267
41.54614365959232
39.16069039261034
35.61617197063665
68.10582133533745
73.54994870087499
78.84542657009982
79.25484177420363
76.06787283150784
74.45066466727334
76.88006428317192
80.29756828037117
100.9674215700223
110.53133922371717
117.94570849278912
114.34989273091458
104.79912430865025
102.0482529307549
110.65755400710131
121.06641604477541
