115.76723003383779
108.29823100355992
96.53975738377558
85.17037236168014
77.96339878821216
76.01603305855406
77.58230690707552
79.53532716923496
42.96150497720634
47.33423053211008
53.89799465569838
59.509605473409934
61.79876694828593
60.41697499707695
57.090574077720284
54.4698968637035
57.909295839857435
68.5591545034689
84.4954457415319
97.9999110566022
103.27453637390902
99.51630780348995
91.03946322559872
84.4266280037208
56.61278392645858
58.571116438273094
61.25351735426198
62.92773374040392
62.40275559367335
59.75850607797123
56.33367394692647
53.973540556896914
18.28705931868039
46.272848593786804
85.47920523514982
112.25308652470484
110.013772558429
79.10217858825612
36.72895376537424
7.029267780752782
37.5216998198829
33.037680624484395
26.761458048051388
22.4899178246876
22.88252777139142
27.879516582795212
34.71097347057935
39.495483309948426
72.44766481373476
71.02801176631856
68.18789702887477
64.05290573354222
59.03561487135227
53.899861494218456
49.644455447982615
47.22404031876514
94.08018240796682
123.73699765583811
163.05244490616434
184.14454950457625
168.31902776274234
117.98517190714503
56.28905717788696
14.519911971749003
