78.90441711264512
86.03623245097856
99.2141088924512
116.43183420659625
135.06816579340375
152.2858911075488
165.46376754902144
172.59558288735488
153.25008757793054
155.99041107457816
161.05386865660319
167.66959480749958
174.83040519250025
181.44613134339662
186.50958892542167
189.2499124220693
64.81418335117354
63.35812313549533
60.6676746727572
57.15243435243499
53.347565647564885
49.83232532724267
47.14187686450454
45.68581664882634
67.79838551076409
66.21151955497521
63.2793736001906
59.448340288056954
55.30165971194315
51.4706263998095
48.53848044502489
46.95161448923601
29.023007780188564
30.275492767784662
32.589783257420045
35.61354950114325
38.88645049885667
41.91021674257987
44.22450723221525
45.47699221981135
60.756863013986845
63.53421524565874
68.66609300849117
75.37121443368068
82.62878556631921
89.3339069915087
94.46578475434114
97.24313698601304
98.69089566926206
99.61333937769938
101.31779310193747
103.54476921337256
105.95523078662741
108.1822068980625
109.8866606223006
110.80910433073791
97.7862192087554
95.97284405969339
92.6221636897274
88.24428881119157
83.50571118880836
79.12783631027251
75.77715594030653
73.96378079124452
