222.2080271159153
221.9861204301227
197.64982907385846
146.27518810588302
96.56337362815654
69.87567374365682
59.951989281149466
55.42564565018418
61.099199058951356
41.67730114773832
40.59373733495971
59.568840465007206
61.625187370311224
43.21339606072445
38.74815710505222
51.93074278285333
196.4131483640192
202.20156757744633
192.99106030137946
178.00321618523344
183.01939386609882
191.0058372958301
164.79450102435385
123.56582975500993
43.2275020019549
31.358403246250298
29.858026492124566
43.38410973405274
51.48211645555116
43.70293375689723
32.572360959634686
28.389374291996415
35.14312448629058
34.362793237545894
39.27461181354767
44.70148112723737
41.42798169748286
39.168738923106204
53.71075354224479
74.23568823408223
139.12762010256958
158.85201322589572
150.5404491584898
107.63891477500846
77.84278615933489
81.9583422586246
90.64760718662806
87.39771276407691
84.05297793828674
66.47655895788247
63.85974895652581
75.04556345905505
67.75609771995069
46.337428633465805
47.10229377500278
66.91276923423274
54.61429185966607
56.00012399504389
55.70252837182409
60.39575591713102
75.26999333450509
84.26765782498474
69.557455308008
46.25634635991011
