47.25164608060873
53.5342808894997
62.76991671993374
70.19635726023303
72.30983466906751
68.78859116966258
62.541863754571416
57.87681452375816
49.32427376061383
53.323312736248354
59.27850948020423
64.2551668327871
66.06157005092604
64.42271061974536
61.02215380599598
58.40567599786696
48.271869779684025
48.34087288196215
48.78262642282561
49.974297483102795
52.04871737950594
54.69007448747084
57.18199369815731
58.70068284812315
31.687740180064203
42.73645068732754
57.69989652917038
66.58986485265437
62.601029413529446
46.3406542485191
25.736143230591345
11.634510249360343
40.11505982557955
41.189544592392195
42.85500624159101
44.40544778115966
45.28490122257843
45.35947775165662
44.93775108678791
44.536370843110106
93.62218492411466
86.43049956581966
74.6603831736488
62.25105052780525
52.610095454146986
47.2052659671631
45.34101293993674
45.153830740501405
109.81115511973415
120.65519095111172
133.20470735949348
134.9600193251693
118.16624741283184
85.38009116021298
49.08059475000316
25.38316236308609
68.58890586332515
75.16547902487376
88.37332274389713
107.69496040336372
131.24476886368902
155.43750326633378
175.53411806319116
186.98178796791794
