161.49164811669235
162.30611636100082
162.81262689156569
161.5220740452847
157.63250224308436
151.73606353279345
145.7288678077329
141.93745018803142
55.154242481601294
48.97790001889067
39.97593182211552
32.92766107460135
31.316547682306002
35.38786905442717
42.11137884129733
47.054628498222044
30.98472949436462
37.16107195707524
46.16304015385038
53.211310901364556
54.82242429365991
50.75110292153873
44.02759313466858
39.084343477743865
28.890365167385994
28.075896923077515
27.569386392512666
28.85993923879363
32.74951104099398
38.645949751284896
44.65314547634545
48.44456309604692
74.16817589577572
73.35370765146725
72.8471971209024
74.13774996718335
78.0273217693837
83.92376047967461
89.93095620473518
93.72237382443664
91.80832541079805
97.98466787350867
106.98663607028382
114.03490681779799
115.64602021009334
111.57469883797216
104.85118905110201
99.90793939417729
105.67770261323594
99.50136015052531
90.49939195375016
83.451121206236
81.84000781394064
85.91132918606182
92.63483897293197
97.5780886298567
75.19981082014588
76.01427906445437
76.52078959501921
75.23023674873825
71.3406649465379
65.44422623624699
59.437030511186435
55.64561289148497
