40.18970229621188
42.577387452048576
46.98925434316567
52.753636229063545
58.99295822186616
64.75734010776404
69.16920699888112
71.55689215471783
53.69663420969257
53.09868490303811
51.99381865124339
50.550241325506626
48.9877244876102
47.54414716187344
46.439280910078715
45.84133160342426
53.81464414356055
52.22163432122261
49.27813598132767
45.43227006324585
41.26953479014375
37.42366887206194
34.480170532166994
32.887160709829054
31.88860164449728
32.48137156825657
33.57666756835553
35.00774075766207
36.55672321581503
37.98779640512157
39.08309240522053
39.67586232897982
97.45694718285841
97.5061569802797
97.59708482955278
97.71588778988887
97.84447918752828
97.96328214786436
98.05420999713745
98.10341979455873
134.3110841344761
126.28142113587907
111.44453854114508
92.05921722864672
71.07669663983658
51.691375327338235
36.85449273260422
28.824829734007203
40.42763751227065
50.64825963986008
69.53350682628373
94.20827138260067
120.91604408240934
145.5908086387263
164.47605582514996
174.69667795273938
175.83974887643222
172.81008399941499
167.21199325892584
159.89773522338538
151.9808393747904
144.66658133924992
139.06849059876077
136.03882572174354
