53.36594379999751
51.09273627852503
47.877935371570125
45.604727850097646
45.604727850097646
47.877935371570125
51.09273627852503
53.36594379999751
28.34283866514675
33.830847093574135
41.592063043474
47.080071471901384
47.080071471901384
41.592063043474006
33.830847093574135
28.34283866514675
55.556965388244144
50.06895695981676
42.307741009916896
36.81973258148951
36.81973258148951
42.30774100991689
50.06895695981676
55.55696538824414
73.85675308184244
76.12996060331493
79.34476151026983
81.61796903174232
81.61796903174232
79.34476151026983
76.12996060331493
73.85675308184246
92.55671754699931
94.8299250684718
98.0447259754267
100.31793349689919
100.31793349689919
98.0447259754267
94.8299250684718
92.55671754699931
94.20460452281328
88.71659609438589
80.95538014448604
75.46737171605865
75.46737171605865
80.95538014448603
88.7165960943859
94.20460452281328
55.27059142379578
60.75859985222316
68.51981580212302
74.00782423055041
74.00782423055041
68.51981580212303
60.75859985222316
55.270591423795786
59.345585571160676
57.0723780496882
53.85757714273329
51.58436962126081
51.58436962126081
53.85757714273329
57.0723780496882
59.34558557116067
