58.11045404246211
54.769897126194834
49.70752218302933
45.264046502789924
43.22611835867693
43.9039938367669
46.08430315938597
47.86509740144808
55.88197211794206
47.21241836320919
34.74853131111908
25.415862386860574
24.1905853212156
31.25923744026435
41.990321048454625
49.72208833702901
19.39628422099812
24.29361437733735
32.379937870446796
41.06263318680695
48.05707597565625
52.29842572717414
54.103738087298076
54.55972267879504
125.36759899533523
115.66952647428384
102.69027348107196
95.39266278760489
99.82813788976449
115.32143791092886
134.57339994918306
147.6662381427631
148.94375005302456
143.0955422760625
130.8403220915283
111.99444046839416
87.97787079492292
62.446918093154366
40.73757972378715
28.204300868190636
43.743336593371524
42.23229131843267
43.894313581969755
54.77538157566188
77.67302120256129
109.10127439709262
139.82140464024832
158.85754456614868
152.37366361846256
150.95754740576382
148.2768535189963
144.64910964557893
140.56255458703137
136.6393293063037
133.54076160588892
131.82916398587986
62.5467164770308
55.921259505348814
46.06014911520533
37.832087327675566
34.870859751544
37.627286441681846
43.30058863238688
47.659620138372496
