44.06890764336201
44.06890764336201
44.06890764336201
44.06890764336201
44.06890764336201
44.06890764336201
44.06890764336201
44.06890764336201
44.60823832121433
44.60823832121433
44.60823832121433
44.60823832121433
44.60823832121433
44.60823832121433
44.60823832121433
44.60823832121433
77.45705279017385
77.45705279017385
77.45705279017385
77.45705279017385
77.45705279017385
77.45705279017385
77.45705279017385
77.45705279017385
98.81533422107651
98.81533422107651
98.81533422107651
98.81533422107651
98.81533422107651
98.81533422107651
98.81533422107651
98.81533422107651
82.88119915624237
82.88119915624237
82.88119915624237
82.88119915624237
82.88119915624237
82.88119915624237
82.88119915624237
82.88119915624237
73.71837672209907
73.71837672209907
73.71837672209907
73.71837672209907
73.71837672209907
73.71837672209907
73.71837672209907
73.71837672209907
63.40383216651264
63.40383216651264
63.40383216651264
63.40383216651264
63.40383216651264
63.40383216651264
63.40383216651264
63.40383216651264
33.422058979319004
33.422058979319004
33.422058979319004
33.422058979319004
33.422058979319004
33.422058979319004
33.422058979319004
33.422058979319004
