63.659235030724716
54.143374198071605
39.887041181173274
27.76527663139143
22.9501944154908
26.17484715201327
33.621625595243444
39.45218204889464
25.203235079992314
28.852034016987986
35.13168435009104
42.432161794575954
49.179583859337306
54.3467167005485
57.60936216248642
59.124816496208375
132.3752641227394
122.23377770294938
108.66184840067406
101.03305406528138
105.675903641837
121.88356536984651
142.021475511345
155.71644515495717
134.28851773411128
136.6691818634851
137.08738604449738
129.84991733974886
112.07792520690803
86.47703434469008
60.92543785902638
44.942679830930764
30.086482265888705
27.705818136514864
27.287613955502618
34.52508266025112
52.29707479309194
77.89796565530989
103.4495621409736
119.4323201690692
115.4997358772605
125.6412222970505
139.2131515993258
146.8419459347185
142.19909635816288
125.99143463015339
105.85352448865491
92.15855484504273
64.04676492000766
60.397965983012
54.11831564990895
46.81783820542404
40.07041614066268
34.903283299451466
31.640637837513523
30.125183503791558
21.09076496927527
30.606625801928388
44.86295881882671
56.98472336860855
61.799805584509166
58.57515284798668
51.1283744047565
45.29781795110529
