36.12580166005353
36.12580166005353
36.12580166005353
36.12580166005353
36.12580166005353
36.12580166005353
36.12580166005353
36.12580166005353
83.03848575193884
83.03848575193884
83.03848575193884
83.03848575193884
83.03848575193884
83.03848575193884
83.03848575193884
83.03848575193884
111.1434089965695
111.1434089965695
111.1434089965695
111.1434089965695
111.1434089965695
111.1434089965695
111.1434089965695
111.1434089965695
91.28068828756889
91.28068828756889
91.28068828756889
91.28068828756889
91.28068828756889
91.28068828756889
91.28068828756889
91.28068828756889
61.28947875845642
61.28947875845642
61.28947875845642
61.28947875845642
61.28947875845642
61.28947875845642
61.28947875845642
61.28947875845642
50.635416073987855
50.635416073987855
50.635416073987855
50.635416073987855
50.635416073987855
50.635416073987855
50.635416073987855
50.635416073987855
45.18268917750374
45.18268917750374
45.18268917750374
45.18268917750374
45.18268917750374
45.18268917750374
45.18268917750374
45.18268917750374
35.42903129392114
35.42903129392114
35.42903129392114
35.42903129392114
35.42903129392114
35.42903129392114
35.42903129392114
35.42903129392114
