31.27583727133485
35.06120719923679
40.972989853277
46.58004480965988
49.94607983465146
50.55864660888024
49.40715633860598
48.19803808435381
114.29452969144351
109.61436607196774
104.049731619993
102.80806688520192
109.1615843694481
122.14301863053446
136.69288367750477
146.2358190539064
154.18813973886967
156.42272474234446
155.93739403221682
146.28042152225456
124.30768832956394
93.36434389940977
62.775537326028854
43.72375040931173
37.02776976245655
28.721420948317416
18.816233972363158
16.517669469501463
27.61860739136476
50.42903056960218
76.03331450971734
92.83595337667732
77.4879655258718
92.33827898903303
114.3351359664051
132.43222867662604
138.43149446250774
131.41959949162955
117.90698555293226
107.64831133499436
81.18746813199148
68.29592513726858
49.08976511350278
33.018565107353524
27.143325040827854
32.3584969548705
43.25581279435793
51.650641719826936
28.34151295958696
36.407356238792964
48.22791097329677
57.643329460459285
60.13701928489064
55.329338776175724
47.035394011734525
40.878138295063096
37.821776918445025
34.763720673038875
30.19583846894523
26.344674068943217
24.87920128674537
26.02252506889747
28.5179157891183
30.454347725866263
