84.20962999944706
83.34263991159
81.7406511174674
79.64755188891982
77.38199760950192
75.28889838095435
73.68690958683175
72.81991949897468
85.92668749929256
87.45724307244492
90.28534100725803
93.98042902992819
97.97996348506022
101.6750515077304
104.5031494425435
106.03370501569587
85.49918245217906
85.1947360197172
84.632192364322
83.89719365805645
83.10163679116964
82.3666380849041
81.8040944295089
81.49964799704703
87.11172116949021
85.81417880782948
83.41663314682005
80.28408877954507
76.89344718933677
73.7609028220618
71.36335716105236
70.06581479939163
46.676145209859214
47.97368757151995
50.37123323252938
53.50377759980435
56.894419190012655
60.02696355728762
62.424509218297054
63.72205157995779
28.63436621141645
28.938812643878315
29.50135629927351
30.236355005539053
31.031911872425873
31.766910578691416
32.32945423408661
32.63390066654848
56.0022638371119
54.47170826395953
51.643610329146426
47.94852230647626
43.94898785134422
40.25389982867405
37.42580189386094
35.89524632070858
38.0650036212035
38.93199370906056
40.53398250318317
42.627081731730726
44.89263601114863
46.9857352396962
48.5877240338188
49.45471412167586
