46.109731332172416
50.62260128598683
52.64021443117032
52.151340154269306
63.03838864632459
99.05002616288998
152.68715811995287
193.70053986723366
183.5842123019268
196.124127457656
207.3271780987666
202.38831418658933
178.42947415800623
145.47959835625096
117.06909608732622
101.5979993534774
74.25709936807706
83.7814639632767
100.49282026526726
116.76669424642442
120.90042895911459
105.88327662942156
78.34243914203432
56.57577742638376
73.48581177290605
58.63063851380647
47.7554404020873
56.719159219010905
80.60166623599302
100.36094555803442
104.75297552607216
100.69336277209037
64.1740309746664
53.6442616342285
51.7668987689231
74.45308081029368
115.69908934409528
153.8194727699261
173.76936682692204
178.6737988709444
196.60968949060734
189.56420752706572
183.53866572306802
185.51434270401947
193.84553848104832
200.88247988327203
202.0146468665939
200.03042932432444
211.48586152171535
214.84288826629654
215.53632418060872
209.4943169334854
200.464899112526
196.20414186540276
199.41664568769198
204.55492243227323
217.66856323792828
220.16481135168289
208.31745813010846
169.8877517459071
114.39551506289168
65.69505877480198
39.32267174340634
31.548169953272627
