109.50819147969524
99.67806247232318
87.06912539631479
81.45661180317181
89.24974891759256
109.2621022588703
132.89219953552566
148.68693746257432
135.29300788105604
152.77590872587808
174.87227445295204
183.7820922498683
167.9411003329091
129.76094612248212
85.26203478500177
55.65496362248057
34.32681886797426
24.717488959657683
12.68084020259721
8.137340490777131
17.497774158218633
39.337100031596215
64.61140103084622
81.3848967077273
78.95225280015968
84.97297043434448
94.09269784714242
102.08738803720647
105.73481372143812
104.47968740340929
100.51819886099973
97.28909998709163
88.92985777219357
77.30852447157858
59.20295475387008
42.13242261805232
32.06361607319597
30.529419641796807
34.39554658685847
38.310548990662056
18.522697168283425
29.41176964402647
45.83029209218332
60.04347278728807
66.1856238827297
63.32165855296556
55.589449486127016
49.40137593700118
31.429267679813073
29.978492938329143
27.98293298437594
26.715302874939564
27.053710029015665
28.946635025064637
31.420774965916344
33.13055532991776
73.16290635082447
71.2817823538622
68.39388227056399
65.77036913869613
64.39861288490006
64.48745096381487
65.43539474872456
66.26662196254495
