105.35531898670945
99.73479329478494
91.51350570341869
85.00355773476835
83.3601196603152
86.83339002909149
92.73050520664577
97.09319785214787
85.33839809164289
81.8651277228666
77.61145061976546
76.2854355741374
80.2530460624025
88.91024935420106
98.77497502002046
105.28492298867077
89.29994062636915
82.78999265771881
72.92526699189942
64.26806370010087
60.300453211835766
61.62646825746383
65.88014536056497
69.35341572934124
51.981977620445626
47.619284974943525
41.72216979738925
38.248899428612965
39.89233750306611
46.40228547171643
54.623573063082674
60.244098755007194
36.504469537416256
32.14177689191415
26.24466171435988
22.771391345583588
24.41482942003674
30.92477738868707
39.14606498005331
44.76659067197783
57.84512323997978
51.33517527132945
41.47044960551007
32.81324631371151
28.8456358254464
30.171650871074462
34.42532797417559
37.89859834295188
64.97637748578185
61.50310711700556
57.24943001390444
55.92341496827637
59.89102545654148
68.54822874834002
78.41295441415942
84.92290238280974
103.61807329920234
97.99754760727781
89.77626001591157
83.26631204726124
81.6228739728081
85.09614434158438
90.99325951913866
95.35595216464075
