163.5503907112398
171.22855034768637
179.78488349678662
179.95325034480368
166.0769626435419
140.26855940665706
112.08819199504131
93.78958154658602
22.50804516309078
26.489795041926016
32.23796382887374
36.6017693365379
37.307716088049446
34.248330089913985
29.498520773267124
26.05707914630274
51.36567193584959
60.98465397036437
75.5845386139354
88.45436927766715
94.46115430131906
92.6904151166819
86.58540731981898
81.56381950596484
79.40409501920487
69.10462989700832
54.06616635991437
42.22437443941857
39.374526116633916
45.95048496476499
56.95865435307067
65.07693999950098
64.37188142044876
66.27277272857704
67.96784365166981
66.62895892925287
60.642633400170105
50.92023086004831
40.75921718494637
34.27659067536979
31.57369140466107
28.616227358038756
24.903167420491858
23.476957573496996
26.30634640171252
32.960585104516205
40.67500509615243
45.79798959932866
28.65016063344588
43.063909161730976
64.79691933029976
83.61071505860036
91.74094215895623
87.94984725603038
77.71471451795816
69.52357241501677
73.74109351571947
85.99269473392484
104.15528405877153
119.13457523656199
124.17468908595639
118.50831396213027
107.47352199900159
99.07945691559038
