98.62230174376776
97.57489006650536
96.09362626713292
95.04621458987052
95.04621458987052
96.09362626713292
97.57489006650536
98.62230174376776
64.13020986325002
64.30388427408624
64.54949698132802
64.72317139216425
64.72317139216425
64.54949698132802
64.30388427408624
64.13020986325002
33.06136735495321
38.020607172938966
45.0340313825951
49.99327120058086
49.99327120058086
45.0340313825951
38.020607172938966
33.06136735495322
54.01524424518167
46.00117922337966
34.66757977980742
26.653514758005407
26.653514758005407
34.66757977980741
46.00117922337966
54.01524424518166
35.64197982841445
38.49183128784336
42.52212987251648
45.37198133194539
45.37198133194539
42.52212987251649
38.49183128784336
35.64197982841445
38.22238088224538
45.73065548553182
56.348959259520974
63.85723386280741
63.85723386280742
56.34895925952098
45.73065548553181
38.22238088224538
119.33604189955135
106.6948530674429
88.81751237655585
76.17632354444741
76.17632354444741
88.81751237655584
106.69485306744292
119.33604189955133
141.47047418263594
147.68209942227142
156.46666408054298
162.67828932017846
162.67828932017846
156.46666408054298
147.68209942227142
141.47047418263594
