23.360782303962516
24.217703395678157
25.801087110904774
27.869877632408237
30.109120356922414
32.17791087842588
33.761294593652494
34.618215685368135
58.44752709867164
59.5204090351683
61.50283635902897
64.0930024809443
66.89657808876707
69.48674421068242
71.4691715345431
72.54205347103975
99.18270029306407
95.51904185708632
88.749483770862
79.9046298868219
70.331029030011
61.48617514597089
54.716617059746554
51.052958623768795
36.201981289930806
37.754571120339236
40.62338305373827
44.37166647911285
48.42877922322354
52.17706264859812
55.045874581997154
56.59846441240558
47.18047047897581
45.627880648567384
42.75906871516835
39.01078528979377
34.95367254568308
31.205389120308507
28.336577186909466
26.783987356501036
45.09372692779364
48.7573853637714
55.52694344999572
64.37179733403582
73.94539819084672
82.79025207488682
89.55981016111116
93.22346859708891
107.77604568047047
106.70316374397382
104.72073642011316
102.13057029819781
99.32699469037506
96.73682856845971
94.75440124459905
93.6815193081024
113.00676592713071
112.14984483541507
110.56646112018846
108.497670598685
106.25842787417082
104.18963735266736
102.60625363744074
101.74933254572511
