57.64108174951558
57.26875036746116
56.58077168107773
55.68188420882484
54.708935419917765
53.81004794766488
53.122069261281446
52.74973787922703
41.22760178082022
41.83311385514802
42.95195427946784
44.41378974149068
45.99606904369504
47.45790450571788
48.5767449300377
49.182257004365496
30.179525797070198
30.530996240325354
31.18042893793757
32.02895364881745
32.94739017762919
33.79591488850907
34.44534758612129
34.79681802937644
59.72077022133979
57.36784596387922
53.020208837844955
47.33974718424701
41.19125979633256
35.510798142734615
31.16316101670034
28.81023675923977
23.81978329469308
28.270747971582246
36.49505830139947
47.24063758998887
58.87156879958153
69.61714808817092
77.84145841798816
82.29242309487732
131.92384098642958
126.50725290818298
116.4987031851096
103.42190278481823
89.26767602676239
76.19087562647101
66.18232590339764
60.765737825151035
86.66903143567986
91.1286369963435
99.36891359748483
110.13535382487349
121.78886475191324
132.55530497930187
140.79558158044324
145.25518714110686
40.06836473445164
38.34265569707746
35.153961179677935
30.987731016939374
26.47823598416824
22.31200582142968
19.123311304030153
17.397602266655973
