24.062550836428496
28.860763293550708
37.168527098236865
46.931679378700665
56.10569194457167
63.293904545327
67.96015373267683
70.18342651009056
91.69872144194777
84.72936799878164
73.4412349217697
61.8008054492723
53.16978237266581
48.86216071494451
47.944183899864356
48.30763827147433
55.038449796967804
59.56848197637095
65.55995593317324
68.73640324800049
66.23530454420303
58.43742942691783
48.908867762371386
42.46457750966208
69.40741139357289
60.573551976048776
47.05685222161564
34.883594131175926
28.713189961571754
29.48502781277228
34.27545830522771
38.38669482934385
14.900074035511986
26.532124056210932
45.219205863321356
64.14789365805072
77.63032224920155
83.61391410229068
83.99386566251255
82.68081974157126
114.4665647739472
107.13834199136923
95.97648598188965
86.04460896277277
81.23368324502357
82.27612865801913
86.63430826988827
90.28040791942274
77.8062931289673
81.97745596895858
88.0952069932932
92.98020676150097
94.2992054165608
91.85139736999245
87.59899213239531
84.43734715761049
60.2449345926564
58.244912738709026
55.107530986700155
52.099808410526
50.237820266201666
49.80503736973597
50.309170235063455
50.884088060824546
