36.092360833362996
38.301825219535885
42.384383067931374
47.7185019546103
53.49211063298393
58.82622951966286
62.908787368058356
65.11825175423124
22.403064527983002
23.816091477550653
26.427024832735473
29.838373658380377
33.53079101973504
36.94213984537994
39.55307320056477
40.96610015013242
58.023282561186605
55.56845145852229
51.032515035474944
45.106028494087454
38.69124568655179
32.7647591451643
28.22882272211694
25.773991619452627
50.07716475613296
50.83450759091926
52.23389467922554
54.06228202233272
56.04131422162526
57.86970156473244
59.26908865303872
60.02643148782502
150.89372894258665
144.24412377280865
131.9572555415304
115.9036885562261
98.52743286446126
82.47386587915699
70.1869976478787
63.537392478100706
26.904237116271965
30.728713328627894
37.79542391897176
47.028526259814726
57.0223642180446
66.25546655888756
73.32217714923144
77.14665336158737
48.919415794558404
46.136743735299135
40.9950362128178
34.27707158771742
27.005599075668552
20.287634450568174
15.145926928086832
12.363254868827571
11.18674546791729
14.869543416736096
21.674466711312586
30.56552746683077
40.189142280929445
49.08020303644762
55.885126331024125
59.56792427984293
