77.46478814020283
72.95446432520819
66.31782690712251
60.965665238915626
59.4101517143636
61.888099166814236
66.32490826202367
69.64469356768653
35.30055164503721
40.652713313244085
48.84486425588181
56.229402286632684
59.98474413406098
59.539173044154346
56.657877473496946
54.17993002104632
42.35679706927197
44.83474452172261
47.71604009238001
48.16161118228665
44.40626933485836
37.02173130410749
28.829580361469752
23.477418693262887
48.772526417324606
45.45274111166175
41.01593201645232
38.53798456400168
40.093498088553716
45.445659756760584
52.082297174846275
56.59262098984092
65.49296138746409
62.17317608180124
57.736366986591804
55.25841953414117
56.81393305869321
62.16609472690007
68.80273214498578
73.31305595998042
71.87449892943202
74.35244638188266
77.23374195254004
77.67931304244668
73.92397119501838
66.5394331642675
58.34728222162979
52.99512055342293
41.171987601648596
46.524149269855464
54.71630021249318
62.10083824324405
65.85618009067234
65.41060900076572
62.52931343010831
60.05136597765768
52.44088880961848
47.93056499462384
41.29392757653817
35.9417659083313
34.386252383779265
36.86419983622989
41.30100893143933
44.62079423710218
