14.489631773008716
16.341006910272984
19.761902102910447
24.231517068334192
29.069393445219013
33.53900841064276
36.959903603280225
38.81127874054449
21.665040069475097
23.306881904022035
26.340610037139427
30.304366861374163
34.594706331781595
38.55846315601633
41.59219128913372
43.23403312368066
53.058161339248905
53.474466487016855
54.24369809762064
55.248747631447756
56.336605407769724
57.34165494159684
58.110886552200625
58.527191699968576
157.97310565497986
151.84218073153613
140.5137086272702
125.71234652720116
109.69146763638298
94.89010553631397
83.561633432048
77.43070850860428
26.032487350474987
27.23851392621738
29.466960464203517
32.37856617994318
35.530065496986545
38.44167121272621
40.67011775071235
41.87614432645474
57.88732803028494
55.43106319359026
50.892477575491476
44.96252969396304
38.54400035885626
32.61405247732783
28.07546685922904
25.61920202253436
31.389470560991047
31.78758841537084
32.523214289748445
33.484355813215025
34.524687901592394
35.485829425058974
36.22145529943658
36.61957315381637
29.754775221536413
32.82829843197346
38.507428805615795
45.92757022452141
53.95907342141138
61.37921484031699
67.05834521395934
70.13186842439637
