39.06093098520962
45.42079121763861
48.427011800479875
45.15799916340035
42.64425634577999
44.041059071637605
44.724973044079604
43.13478040915612
176.56956264140365
207.86018427094723
216.22745837170984
195.41257999714742
187.3623267608038
185.40663358986163
145.0222723283128
88.50848483698756
23.055992195046805
45.13545440735674
57.342142165986644
47.12520697674711
34.93098960641916
34.43261415049706
35.859132627938806
32.974573504797235
61.379378213020004
46.15200214538535
33.28346154535738
35.17777436408387
44.65475228956393
46.33290454481654
36.18031969931091
25.010045658000866
78.20526326468385
108.26886986224885
107.68794937335196
69.2351916392095
50.94500267237511
69.54060473891896
80.67888809060987
70.26759189906282
73.13959676824349
72.14804759517845
56.456054855120044
40.0292334277082
50.178591909368386
73.54231743371405
72.70923676420773
52.9408156116692
69.49888808253414
76.02694051342
85.39979040879257
88.35733402610894
79.68350367199339
68.59445454171546
67.58726597524026
73.48231998302094
56.340387849858175
69.48770998782447
65.67613147920136
56.75468040559437
86.85057674369594
148.6094119288383
187.73791147029954
190.93138809730496
