45.736787230396715
45.736787230396715
45.736787230396715
45.736787230396715
45.736787230396715
45.736787230396715
45.736787230396715
45.736787230396715
42.42660637099221
42.42660637099221
42.42660637099221
42.42660637099221
42.42660637099221
42.42660637099221
42.42660637099221
42.42660637099221
43.51419105544048
43.51419105544048
43.51419105544048
43.51419105544048
43.51419105544048
43.51419105544048
43.51419105544048
43.51419105544048
52.777764149662325
52.777764149662325
52.777764149662325
52.777764149662325
52.777764149662325
52.777764149662325
52.777764149662325
52.777764149662325
62.401298791038
62.401298791038
62.401298791038
62.401298791038
62.401298791038
62.401298791038
62.401298791038
62.401298791038
60.503260232908154
60.503260232908154
60.503260232908154
60.503260232908154
60.503260232908154
60.503260232908154
60.503260232908154
60.503260232908154
45.805942340659094
45.805942340659094
45.805942340659094
45.805942340659094
45.805942340659094
45.805942340659094
45.805942340659094
45.805942340659094
31.334149828902902
31.334149828902902
31.334149828902902
31.334149828902902
31.334149828902902
31.334149828902902
31.334149828902902
31.334149828902902
