19.822531274905632
18.37344511842638
17.300913094034787
19.038073754885108
24.925490195005157
34.06685663094957
43.465452832297274
49.42057245091212
60.41655819140469
55.86532341231547
49.15591538112554
43.71419443007514
42.06879053355662
44.470201519191484
48.852657044343395
52.14455420193943
146.6583118597009
151.63937472655408
155.5256405324402
150.20532581206854
131.17086199305348
101.32007364399583
70.51501095275859
50.96560019092577
42.22607312673747
42.42572524424024
42.0383569429634
40.05340390479833
36.01677992491804
30.543024412171803
25.221744334901455
21.932593977823053
34.47130455490466
30.186969366331144
24.932488325814337
23.27235756206612
28.121255076509414
38.74098017793564
50.852837845935355
58.84835852253629
48.00496072226908
45.906841927278755
42.746889941801996
40.01998048317335
38.85812683443408
39.438210681375196
40.95505347931222
42.16392798989165
44.38356411204464
41.28086828122294
38.44832886722457
40.419093591220204
49.79362632241838
65.14473943284503
81.23487017621439
91.5125227318237
37.76669615803279
48.07145192363083
63.601466914595
77.02757046171303
82.79506912010464
80.0259135015353
72.6523733342372
66.76186993414787
