37.45312499999998
37.45312499999998
37.45312499999998
37.45312499999998
37.45312499999998
37.45312499999998
37.45312499999998
37.45312499999998
32.921875
32.921875
32.921875
32.921875
32.921875
32.921875
32.921875
32.921875
53.73437499999997
53.73437499999997
53.73437499999997
53.73437499999997
53.73437499999997
53.73437499999997
53.73437499999997
53.73437499999997
49.20312499999999
49.20312499999999
49.20312499999999
49.20312499999999
49.20312499999999
49.20312499999999
49.20312499999999
49.20312499999999
49.20312499999999
49.20312499999999
49.20312499999999
49.20312499999999
49.20312499999999
49.20312499999999
49.20312499999999
49.20312499999999
53.73437499999997
53.73437499999997
53.73437499999997
53.73437499999997
53.73437499999997
53.73437499999997
53.73437499999997
53.73437499999997
32.921875
32.921875
32.921875
32.921875
32.921875
32.921875
32.921875
32.921875
37.45312499999997
37.45312499999997
37.45312499999997
37.45312499999997
37.45312499999997
37.45312499999997
37.45312499999997
37.45312499999997
