64.78556408444723
60.77340549788824
54.60827211502155
48.99420999924358
46.03427823183756
46.17909959254278
48.15825732624493
49.904982216169124
157.74544735438027
158.10978658167824
155.7691682829773
146.81773195205696
129.60442321664343
106.74981229267111
84.7471359244349
71.20830055868086
48.379313900162906
42.09240945160124
33.48955417452478
28.142653224231054
29.879553209308597
38.435826852066896
49.495029644525644
57.11129978901599
32.1643471075152
35.25563023047163
39.719207627709835
43.11007971000189
43.663647925394976
41.29563653120385
37.61492281187321
34.94732245834645
48.615465093512306
49.61057070578805
50.20091710576956
48.53116901263482
43.6071614215036
36.17852985188566
28.624585135298304
23.860807271090856
37.70772282212255
34.12921216495806
30.53081606758659
31.72255614073103
40.5368301700899
55.631744836286344
71.69540680845012
82.02007074433763
26.66751592333415
36.16859180176233
50.71046147491121
63.8170586829808
70.47919340395794
69.68261601897552
64.5624276225892
60.16032890796536
32.434623714525245
32.360393565852064
33.47160315149906
37.36454127811972
44.69491242126387
54.346734024367706
63.60223472658355
69.28688805439354
