32.69397737307605
32.69397737307605
32.69397737307605
32.69397737307605
32.69397737307605
32.69397737307605
32.69397737307605
32.69397737307605
48.00314752808804
48.00314752808804
48.00314752808804
48.00314752808804
48.00314752808804
48.00314752808804
48.00314752808804
48.00314752808804
59.720279091250404
59.720279091250404
59.720279091250404
59.720279091250404
59.720279091250404
59.720279091250404
59.720279091250404
59.720279091250404
53.379013184367025
53.379013184367025
53.379013184367025
53.379013184367025
53.379013184367025
53.379013184367025
53.379013184367025
53.379013184367025
36.80848681563295
36.80848681563295
36.80848681563295
36.80848681563295
36.80848681563295
36.80848681563295
36.80848681563295
36.80848681563295
30.46722090874956
30.46722090874956
30.46722090874956
30.46722090874956
30.46722090874956
30.46722090874956
30.46722090874956
30.46722090874956
42.184352471911915
42.184352471911915
42.184352471911915
42.184352471911915
42.184352471911915
42.184352471911915
42.184352471911915
42.184352471911915
57.49352262692391
57.49352262692391
57.49352262692391
57.49352262692391
57.49352262692391
57.49352262692391
57.49352262692391
57.49352262692391
