177.8899638108795
163.45314294628236
145.03548638410857
131.7613991850727
122.231119608702
108.95703240966611
90.53937584749234
76.10255498289519
56.56691482576752
47.0651621232331
37.76632249401505
36.406543783066674
39.77221878607941
38.41244007513103
29.113600445912976
19.611847743378554
37.55516319588195
29.4405855589948
22.704911232099764
24.694069378022803
31.68460751418488
33.67376566010792
26.93809133321289
18.823513696325733
41.61037490053085
35.25494310327894
31.769746448266673
38.005858338429334
49.59326608235895
55.829377972521605
52.344181317509346
45.988749520257436
25.099998938651183
22.651260068705955
26.384690684384175
42.05239362367767
63.848481955534055
79.51618489482755
83.2496155105058
80.80087664056056
46.61682996514895
42.14608678760227
42.14334061439523
52.92949333110048
69.44182977669176
80.22798249339701
80.22523632018998
75.7544931426433
47.60436222371986
39.17344029222928
31.8532379273126
33.0786733868247
39.24256404402922
40.467999503541336
33.14779713862465
24.716875207134066
30.742932560456758
23.46592864379222
18.2778887510632
22.28912873183497
31.46835247439024
35.47959245516201
30.291552562433
23.014548645768457
