36.09788625939385
48.47619271744254
66.30692998684744
79.74592685592839
81.70582717809579
71.88825389584031
56.8292342429439
45.95097054965616
59.76193370522239
57.998589088967044
54.998650980255505
51.58412114183944
48.533128679560654
46.31015953848556
44.995342728344355
44.42355880942998
76.92536621818549
67.81253013580007
54.034373443696495
42.01622780093939
36.64791572406584
38.74671406290968
44.932931008847426
49.937038908062966
37.73057948070721
33.762496514656256
28.153359263534046
24.193690543116976
24.20923804176233
28.197634793739773
33.828759528307216
37.80874203465076
22.136203119728336
21.212672631156277
21.229134819232645
24.619665981301743
32.591012503340195
43.9296091378038
55.18633331156983
62.21086829539229
35.48284167581912
31.744757655107136
27.897847807209402
28.85550148613705
37.53209338761441
52.606691048143
68.7241548382866
79.10301479917555
61.588110548020694
60.89387058843151
59.869380300532725
59.03589742383634
58.77861006151131
59.13668788215588
59.79731889282742
60.2946396305792
139.52707899292264
147.34889066843888
156.76032339869147
159.1989687669004
149.2521744240492
128.43424964092173
104.955925448873
89.52116697305286
