42.32414615676756
41.77145071354744
40.75020269814079
39.41587786325696
37.97161506932226
36.63729023443843
35.61604221903178
35.06334677581166
36.77646522592003
34.93492856811132
31.532212515073887
27.086349740184865
22.274182549074688
17.82831977418567
14.425603721148237
12.584067063339523
35.15265801371715
34.7136300492221
33.902412148027956
32.84250488188295
31.695269523974357
30.63536225782935
29.82414435663521
29.385116392140155
39.313808057883264
42.14706812340715
47.38225009304537
54.222344968963235
61.626010311916694
68.46610518783456
73.70128715747278
76.53454722299666
42.28180941402246
45.11506947954635
50.35025144918457
57.19034632510243
64.59401166805588
71.43410654397375
76.66928851361197
79.50254857913586
43.60481078066179
43.16578281616675
42.35456491497261
41.29465764882761
40.147422290919025
39.08751502477402
38.27629712357989
37.83726915908484
49.42600576385846
47.584469106049745
44.18175305301232
39.7358902781233
34.92372308701312
30.477860312124104
27.075144259086674
25.23360760127796
57.24529658716914
56.69260114394902
55.671353128542364
54.337028293658534
52.892765499723836
51.558440664840006
50.53719264943335
49.98449720621323
