53.18457877164569
51.503839148989066
49.34403572323781
48.37153997966535
49.68020402748987
53.07079562849922
57.081329499273984
59.763677221199174
60.90664220920888
62.573239680113986
63.36935082439788
59.94461704882888
50.53706358512369
36.57890516844688
22.47850432704111
13.611677156838411
33.13820010664625
29.047950956882143
23.77351545252938
21.347036474528664
24.42128289151863
32.52822855462573
42.1503050359626
48.59348052730631
15.020578912499191
19.12497021401481
25.763097999834947
32.58680649697711
37.611449495867824
40.07207064842817
40.539861137722305
40.28116509465611
34.77057891249911
38.87497021401474
45.51309799983487
52.33680649697704
57.361449495867745
59.822070648428095
60.28986113772221
60.03116509465602
62.763200106646245
58.67295095688215
53.39851545252938
50.97203647452867
54.04628289151865
62.153228554625755
71.77530503596263
78.21848052730634
151.78164220920888
153.448239680114
154.24435082439786
150.8196170488289
141.4120635851237
127.4539051684469
113.35350432704112
104.48667715683843
32.05957877164569
30.378839148989066
28.219035723237813
27.246539979665346
28.55520402748986
31.945795628499205
35.95632949927396
38.63867722119914
