43.98972842638567
43.46687962050515
42.500780999803204
41.2385123215759
39.87224254958926
38.60997387136195
37.64387525066
37.12102644477949
30.625749535076345
32.17681701385673
35.042816008234894
38.78742415166234
42.8405587992596
46.585166942687046
49.45116593706522
51.0022334158456
39.28493906684692
42.423313350131075
48.2222728815031
55.79897864001067
63.99994585692972
71.57665161543727
77.37561114680932
80.51398543009347
44.82048037089499
47.099810401846185
51.31146312871444
56.814252602561105
62.77042900890382
68.27321848275048
72.48487120961875
74.76420124056993
32.57453709590593
32.609076316280785
32.672896473827244
32.75628152809003
32.84653686044501
32.9299219147078
32.99374207225426
33.02828129262911
38.110078399954
37.285573367995895
35.76208672103857
33.77155549064045
31.617020012419104
29.626488782020985
28.103002135063665
27.278497103105558
46.76926793172456
47.53206970427023
48.94154359430677
50.78310997898876
52.776407070089206
54.617973454771196
56.02744734480774
56.790249117353405
33.40528904041526
36.24200709762183
41.48357860273849
48.332021809075236
55.74472331975957
62.593166526096326
67.83473803121299
70.67145608841955
