211.7344175331276
204.40803960884116
190.8706583854596
173.1832174375764
154.03846931245528
136.35102836457207
122.8136471411905
115.48726921690405
85.93805412045499
88.90998110347202
94.40138612692692
101.57625255570917
109.34227201636284
116.5171384451451
122.0085434686
124.98047045161702
61.710067709887966
62.78916828526528
64.7830861554898
67.38826539973034
70.20809109405992
72.81327033830047
74.80718820852498
75.8862887839023
42.15957186358327
52.48565187285869
71.56575981614574
96.49512222068817
123.47846964562734
148.40783205016976
167.48793999345685
177.81402000273226
159.34893625770425
163.40913442198163
170.91140238581318
180.713587859934
191.32339696294176
201.12558243706255
208.62785040089412
212.6880485651715
205.69929283396328
205.29170168712685
204.53857145073687
203.55455937614116
202.48947238160522
201.5054603070095
200.75233007061954
200.3447389237831
205.20715691700008
194.08609160455092
173.53704236076484
146.68841565541302
117.62767152097817
90.77904481562638
70.22999557184028
59.1089302593911
47.07750276427838
47.49523141590329
48.26709331866287
49.275579494807566
50.36715706596927
51.37564324211396
52.14750514487355
52.56523379649846
