61.583990051885124
59.68457015257226
56.174899815332665
51.58929453377022
46.62587114338743
42.040265861824984
38.53059552458538
36.63117562527252
14.269006487937567
15.482353954882171
17.72432773595124
20.653607646519937
23.824237374192702
26.7535172847614
28.99549106583047
30.208838532775076
19.587738492086427
20.918182710481908
23.376523075529033
26.588499551560275
30.065117836739145
33.27709431277039
35.735434677817516
37.06587889621299
61.39501903374572
61.53725394033417
61.800069778345616
62.14345521887432
62.51513294139656
62.858518381925265
63.12133421993671
63.26356912652516
55.06387658839598
56.37894586222794
58.808877034083594
61.98373511042885
65.42017672930027
68.59503480564553
71.02496597750118
72.34003525133315
156.99071927078043
152.142031535511
143.18282481920312
131.47705712900358
118.80682548269685
107.1010577924973
98.14185107618941
93.29316334091997
19.840035749195515
22.144931799124866
26.403824369316546
31.968335672916155
37.99131930637124
43.55583060997084
47.81472318016253
50.11961923009188
32.64461432597311
33.08673004486556
33.903653372238054
34.971015136926546
36.12631918591568
37.193680950604175
38.01060427797667
38.45271999686912
