46.522959833008954
44.268408095033834
40.582322217401334
36.70439032678144
33.704774933754344
32.040140290327166
31.484129397237638
31.44287490645523
44.79881403422367
49.09818579824371
55.67608388932105
61.598835805985864
64.59845119901297
64.21826581639522
61.88246449603991
59.87889896077739
58.230287155090394
54.6616841275564
50.11258556000837
48.16736268511913
51.16697807814623
58.65476748708253
67.4459628253526
73.31037208164412
35.136306738187145
39.55190195312106
45.2988283593141
48.09104342160325
45.09142802857615
36.75664643223994
26.767623255324864
20.05622181163342
54.131278188366565
47.41987674467511
37.430853567760046
29.096071971423825
26.096456578396726
28.88867164068587
34.63559804687892
39.05119326181283
42.127127918355825
47.991537174647355
56.782732512917406
64.2705219218537
67.2701373148808
65.32491443999156
60.77581587244353
57.207212844909535
55.558601039222545
53.55503550396004
51.219234183604726
50.83904880098699
53.838664194014086
59.76141611067889
66.33931420175622
70.63868596577628
42.74462509354475
42.70337060276235
42.14735970967282
40.482725066245656
37.48310967321856
33.605177782598666
29.919091904966162
27.664540166991042
