31.620743884565243
32.14656086072405
33.11814394496425
34.38757842013286
35.761604394837626
37.031038870006235
38.002621954246436
38.528438930405244
21.4602054738209
20.987597898702962
20.114332967580452
18.973357350050463
17.738374240912208
16.59739862338222
15.72413369225971
15.251526117141772
74.51909780032709
73.0574110585511
70.3565661312112
66.82774217527465
63.00817064916399
59.479346693227455
56.778501765887555
55.31681502411156
48.04049890284477
51.573810670739775
58.102519519418706
66.6326887095633
75.86567730815028
84.39584649829486
90.9245553469738
94.4578671148688
127.50974569737623
123.97643392948122
117.44772508080229
108.91755589065771
99.68456729207072
91.15439810192615
84.6256892532472
81.0923774853522
27.296785339765492
28.758472081541484
31.45931700888138
34.988140964817916
38.80771249092857
42.33653644686511
45.03738137420501
46.499068115981004
33.973911386086456
34.4465189612044
35.31978389232691
36.4607595098569
37.69574261899516
38.83671823652516
39.70998316764767
40.18259074276561
31.954011515213644
31.42819453905484
30.45661145481464
29.18717697964604
27.813151004941275
26.543716529772674
25.572133445532476
25.04631646937367
