51.350992279801815
47.77236622277583
43.65164184470909
43.13997831794279
48.806986135314716
59.78991472818376
71.92499841965223
79.84096448226158
52.51329097831881
51.0309755308369
49.324115606640206
49.11217763448197
51.45952913051177
56.00880710825337
61.03532335379218
64.31422385621012
53.53492432254308
55.017239770024986
56.72409969422168
56.93603766637992
54.588686170350115
50.03940819260851
45.012891947069704
41.733991444651764
52.66793276090769
56.246558817933675
60.367283196000415
60.87894672276671
55.21193890539479
44.229010312525745
32.09392662105727
24.17796055844792
48.91829328714911
52.4969193441751
56.61764372224184
57.129307249008136
51.46229943163621
40.47937083876717
28.344287147298694
20.428321084689347
42.85685452058062
44.339169968062535
46.04602989225922
46.257967864417466
43.910616368387664
39.36133839064605
34.33482214510724
31.05592164268929
36.532430178557455
35.05011473107553
33.343254806878846
33.1313168347206
35.4786683307504
40.02794630849202
45.05446255403083
48.33336305644877
32.500281672141334
28.921655615115345
24.80093123704861
24.28926771028231
29.956275527654228
40.939204120523264
53.074287811991745
60.99025387460108
