5.72842879349912
9.251035127858362
15.759962914676592
24.26428690198805
33.469300854613486
41.973624841924945
48.482552628743186
52.005158963102424
79.08205870732114
77.12176551071862
73.49961598659422
68.7670495651287
63.644556583168736
58.911990161703216
55.28984063757882
53.32954744097629
60.437829928609645
62.964201353554415
67.63232705561012
73.73152721330362
80.33325389201322
86.43245404970673
91.10057975176244
93.62695117670721
120.02562423537933
114.89096349474653
105.40334756542677
93.00717996720638
79.58966484537534
67.19349724715495
57.705881317835164
52.571220577202375
42.026276436786645
40.9162800165867
38.865274069019634
36.18550565718733
33.284945229630104
30.6051768177978
28.554170870230735
27.444174450030783
38.979729464338824
38.09415522796373
36.45782740495121
34.31986207300626
32.00574507321352
29.867779741268574
28.23145191825605
27.345877681880957
26.562881899730296
26.88237790776314
27.472729552844353
28.244061148561304
29.07894445160442
29.850276047321376
30.44062769240259
30.760123700435432
37.282170534334874
40.00422136080837
45.033915450876975
51.605527473618196
58.718589070381014
65.29020109312223
70.31989518319084
73.04194600966434
