57.13984135707139
51.27886304890491
43.6032896746779
39.742232127337076
43.43760384247952
54.126817975102796
67.02843614689418
75.71772951869181
53.694195625908165
51.2664989218911
48.08717233129645
46.487869930084884
48.01854301250681
52.44616047734952
57.79018570066469
61.38940886270191
48.12250753065585
50.55020423467292
53.72953082526757
55.328833226479134
53.798160144057206
49.37054267921449
44.026517455899324
40.427294293862104
42.39736541156411
48.25834371973059
55.9339170939576
59.794974641298424
56.09960292615598
45.410388793532704
32.50877062174131
23.819477249943695
38.18540529708298
44.04638360524946
51.72195697947647
55.583014526817294
51.88764281167485
41.198428679051574
28.296810507260183
19.607517135462565
36.12785993312868
38.555556637145756
41.734883227740404
43.33418562895197
41.803512546530044
37.375895081687325
32.03186985837214
28.43264669633492
35.74293691030726
33.315240206290184
30.135913615695536
28.536611214483962
30.06728429690589
34.49490176174861
39.838926985063786
43.438150147101
35.964887934281464
30.103909626114998
22.428336251887984
18.567278704547164
22.262650419689606
32.95186455231287
45.85348272410427
54.542776095901885
