61.91527265251578
62.163613868939365
62.62248860280477
63.22203733559081
63.87098420765362
64.47053294043965
64.92940767430507
65.17774889072865
54.51696643933365
57.96411296993345
64.33360922031035
72.65575712597176
81.66358510873935
89.98573301440075
96.35522926477766
99.80237579537746
91.43287462758498
87.98572809698517
81.61623184660827
73.29408394094688
64.28625595817928
55.96410805251789
49.59461180214098
46.14746527154118
39.470515152407344
39.22217393598377
38.76329920211836
38.16375046933232
37.51480359726952
36.91525486448347
36.456380130618065
36.20803891419449
25.439308461052352
25.190967244628773
24.732092510763373
24.132543777977332
23.48359690591454
22.8840481731285
22.425173439263098
22.17683222283952
60.00721433684335
56.560067806243545
50.19057155586664
41.86842365020524
32.86059566743765
24.538447761776244
18.168951511399335
14.721804980799533
25.54294459623794
28.990091126837743
35.35958737721464
43.68173528287605
52.68956326564363
61.01171117130502
67.38120742168194
70.82835395228173
42.79990373402443
43.048244950448016
43.50711968431342
44.10666841709946
44.75561528916227
45.35516402194831
45.81403875581372
46.0623799722373
