53.76835342226929
53.76835342226929
53.76835342226929
53.76835342226929
53.76835342226929
53.76835342226929
53.76835342226929
53.76835342226929
58.04308783923976
58.04308783923976
58.04308783923976
58.04308783923976
58.04308783923976
58.04308783923976
58.04308783923976
58.04308783923976
56.38787978626159
56.38787978626159
56.38787978626159
56.38787978626159
56.38787978626159
56.38787978626159
56.38787978626159
56.38787978626159
43.37830562766313
43.37830562766313
43.37830562766313
43.37830562766313
43.37830562766313
43.37830562766313
43.37830562766313
43.37830562766313
28.51769456456006
28.51769456456006
28.51769456456006
28.51769456456006
28.51769456456006
28.51769456456006
28.51769456456006
28.51769456456006
27.13832422600441
27.13832422600441
27.13832422600441
27.13832422600441
27.13832422600441
27.13832422600441
27.13832422600441
27.13832422600441
41.930708148494176
41.930708148494176
41.930708148494176
41.930708148494176
41.930708148494176
41.930708148494176
41.930708148494176
41.930708148494176
57.83564638550745
57.83564638550745
57.83564638550745
57.83564638550745
57.83564638550745
57.83564638550745
57.83564638550745
57.83564638550745
