54.748122045264424
57.63519885617853
62.96982120496155
69.93984119748326
77.48413647327082
84.45415646579252
89.78877881457555
92.67585562548966
70.7338196657087
68.29091649599074
63.777020019172
57.87933005527467
51.49571643860947
45.59802647471215
41.0841299978934
38.64122682817544
36.533763304510735
36.0392616739088
35.12554180329562
33.9317092600808
32.63951422684985
31.445681683635033
30.53196181302185
30.037460182419913
40.69157305128796
38.49370873822952
34.432585030086194
29.126471197244697
23.383174970713483
18.077061137871993
14.015937429728655
11.818073116670224
31.638899593039312
32.21672799106176
33.2844156515352
34.6794168067653
36.18935517658525
37.58435633181536
38.652043992288796
39.22987239031124
20.55247354409618
24.958087852309507
33.09860162730383
43.7346954407774
55.247120426059375
65.88321423953295
74.02372801452728
78.42934232274061
67.55494348568435
66.08673397779093
63.37383655022853
59.829265243867106
55.99264890848128
52.44807760211986
49.735180174557456
48.26697066666404
68.29640531040829
67.02936441453016
64.68817811341704
61.6292707985067
58.318333379430406
55.25942606452008
52.918239763406945
51.65119886752882
