70.23812920624351
68.1961904366222
64.4231795648334
59.4935032936782
54.15766014781333
49.22798387665814
45.45497300486932
43.41303423524801
64.43821926579412
62.70714716362662
59.50854299463893
55.32936524814044
50.80585585169493
46.62667810519643
43.42807393620874
41.69700183404124
50.7452935265108
49.58862812714442
47.45138915026723
44.65895185598923
41.636439508857116
38.844002214579106
36.70676323770192
35.55009783833554
32.8117887739876
32.405621899277925
31.655123374621223
30.67454979711042
29.613184604999915
28.63261102748911
27.882112502832406
27.475945628122727
22.98247870759256
23.38864558230224
24.139144106958938
25.11971768446974
26.181082876580245
27.161656454091048
27.91215497874775
28.31832185345743
32.39025279761374
33.546918196980116
35.6841571738573
38.47659446813531
41.49910681526742
44.29154410954543
46.42878308642261
47.58544848578899
57.36373441008128
59.09480651224878
62.293410681236466
66.47258842773496
70.99609782418048
75.17527557067896
78.37387973966666
80.10495184183416
78.90510331217625
80.94704208179756
84.72005295358638
89.64972922474156
94.98557237060645
99.91524864176164
103.68825951355045
105.73019828317176
