203.75824751059102
199.39740008217888
198.7255952574904
203.14244124428635
199.42262364635093
172.87189276629914
128.40532074268313
93.07689644742325
65.70942339728333
52.15752517699341
36.191403864970034
29.285827463165703
33.30767426495028
41.32352437439252
46.45948680452751
47.82901509548416
15.909902453135206
28.047099413209853
42.4501303659193
49.36844260763325
47.98415564735398
44.829144804683054
44.98634563328942
47.05021950897918
54.71332171189809
70.90998769931043
84.9028295335415
81.17453870502534
64.29689930408524
52.0999371397724
54.11626911563944
61.84426376725507
37.36320944220621
53.27992126618417
67.89694236208746
67.21621684678121
56.48703172284978
52.60336637154658
62.69074651191793
75.40451849989893
77.08897256592569
79.68670805203762
79.71373588634225
74.20519507191705
67.48570414140147
66.89937485512107
73.88746098939727
81.40740800365398
69.4998936256486
56.2855875688249
45.80815679349178
55.586775683115604
89.81320659691815
136.95565551315025
179.31865990364972
203.4681838734343
205.3320292933116
189.61077074126047
173.68620593615705
169.39556237807523
170.5777046760899
161.7921041750348
139.51071029889536
119.29449480387088
