51.03919044836659
51.03919044836659
51.03919044836659
51.03919044836659
51.03919044836659
51.03919044836659
51.03919044836659
51.03919044836659
46.81504610787346
46.81504610787346
46.81504610787346
46.81504610787346
46.81504610787346
46.81504610787346
46.81504610787346
46.81504610787346
40.841203892126515
40.841203892126515
40.841203892126515
40.841203892126515
40.841203892126515
40.841203892126515
40.841203892126515
40.841203892126515
36.61705955163338
36.61705955163338
36.61705955163338
36.61705955163338
36.61705955163338
36.61705955163338
36.61705955163338
36.61705955163338
36.61705955163338
36.61705955163338
36.61705955163338
36.61705955163338
36.61705955163338
36.61705955163338
36.61705955163338
36.61705955163338
40.84120389212651
40.84120389212651
40.84120389212651
40.84120389212651
40.84120389212651
40.84120389212651
40.84120389212651
40.84120389212651
46.81504610787346
46.81504610787346
46.81504610787346
46.81504610787346
46.81504610787346
46.81504610787346
46.81504610787346
46.81504610787346
51.03919044836659
51.03919044836659
51.03919044836659
51.03919044836659
51.03919044836659
51.03919044836659
51.03919044836659
51.03919044836659
