79.20921542318311
77.26721629050111
73.67886978882198
68.99046914458432
63.91578085541565
59.227380211177994
55.63903370949886
53.69703457681686
41.23596629050111
39.58961892150398
36.54756564626346
32.57293149965331
28.270818500346667
24.29618435373652
21.254131078495995
19.60778370949886
31.52261978882197
30.422565646263443
28.389930632335286
25.734165002025783
22.85958499797416
20.203819367664657
18.1711843537365
17.071130211177973
37.11546914458436
36.72918149965334
36.01541500202583
35.0828341306562
34.07341586934384
33.14083499797421
32.4270685003467
32.04078085541568
52.91578085541563
53.30206850034665
54.01583499797416
54.94841586934379
55.95783413065615
56.89041500202578
57.60418149965329
57.99046914458431
49.57113021117799
50.671184353736514
52.703819367664664
55.35958499797417
58.23416500202579
60.88993063233529
62.92256564626344
64.02261978882197
89.73278370949886
91.37913107849599
94.42118435373652
98.39581850034666
102.69793149965331
106.67256564626345
109.71461892150398
111.36096629050111
42.82203457681685
44.76403370949884
48.352380211177966
53.040780855415626
58.1154691445843
62.803869788821956
66.3922162905011
68.33421542318308
