21.887519294848385
24.631329353235245
29.701229261319682
36.32537271685296
43.49529392674008
50.119437382273354
55.1893372903578
57.933147348744654
36.29819630571179
35.36158279883587
33.63094670108331
31.369761670081637
28.92227262910751
26.66108759810584
24.93045150035328
23.993837993477356
24.101406357508772
25.38682859650814
27.761979191000826
30.865262993769086
34.224233177179165
37.32751697994742
39.70266757444011
40.98808981343948
32.51353144359931
34.6795864866956
38.68193432791461
43.91125378980429
49.5714283881909
54.80074785008058
58.8030956912996
60.96915073439589
64.36146855640065
62.195413513304366
58.19306567208535
52.96374621019567
47.30357161180907
42.07425214991939
38.07190430870037
35.90584926560409
50.64859364249119
49.363171403491826
46.98802080899914
43.884737006230885
40.525766822820806
37.42248302005255
35.047332425559865
33.7619101865605
38.45180369428819
39.3884172011641
41.11905329891667
43.38023832991834
45.82772737089246
48.088912401894135
49.8195484996467
50.756162006522615
74.98748070515157
72.24367064676471
67.17377073868028
60.549627283147004
53.37970607325988
46.75556261772662
41.68566270964217
38.94185265125532
