35.93393226677739
35.93393226677739
35.93393226677739
35.93393226677739
35.93393226677739
35.93393226677739
35.93393226677739
35.93393226677739
25.662197211125438
25.662197211125438
25.662197211125438
25.662197211125438
25.662197211125438
25.662197211125438
25.662197211125438
25.662197211125438
30.279047370574133
30.279047370574133
30.279047370574133
30.279047370574133
30.279047370574133
30.279047370574133
30.279047370574133
30.279047370574133
61.19598232131547
61.19598232131547
61.19598232131547
61.19598232131547
61.19598232131547
61.19598232131547
61.19598232131547
61.19598232131547
60.36651767868452
60.36651767868452
60.36651767868452
60.36651767868452
60.36651767868452
60.36651767868452
60.36651767868452
60.36651767868452
101.03345262942581
101.03345262942581
101.03345262942581
101.03345262942581
101.03345262942581
101.03345262942581
101.03345262942581
101.03345262942581
42.40030278887456
42.40030278887456
42.40030278887456
42.40030278887456
42.40030278887456
42.40030278887456
42.40030278887456
42.40030278887456
41.87856773322255
41.87856773322255
41.87856773322255
41.87856773322255
41.87856773322255
41.87856773322255
41.87856773322255
41.87856773322255
