52.75670590626518
51.36940819591143
48.806016275720225
45.45678332833506
41.83159970912305
38.48236676173788
35.91897484154667
34.53167713119292
35.00371968474512
33.61642197439137
31.053030054200168
27.703797106815
24.078613487602986
20.729380540217818
18.16598862002661
16.77869090967286
66.48527009970344
65.09797238934969
62.534580469158485
59.185347521773316
55.56016390256131
52.21093095517614
49.64753903498493
48.26024132463118
55.03157082280233
53.64427311244858
51.08088119225737
47.731648244872204
44.106464625660195
40.757231678275026
38.19383975808382
36.80654204773007
63.397758763113224
62.010461052759474
59.44706913256827
56.0978361851831
52.47265256597109
49.12341961858592
46.56002769839471
45.17272998804096
44.081018369643274
42.693720659289525
40.13032873909832
36.78109579171315
33.15591217250114
29.80667922511597
27.243287304924763
25.855989594571014
64.44254939605264
63.055251685698885
60.49185976550768
57.14262681812251
53.5174431989105
50.16821025152533
47.60481833133412
46.21752062098037
38.82652205796375
37.43922434761
34.87583242741879
31.526599480033628
27.901415860821615
24.552182913436447
21.98879099324524
20.60149328289149
