34.830943234002355
35.46530743383784
36.05984708207735
35.70718140120361
33.883387991674994
30.866122867363796
27.692349844402244
25.662114600800273
35.796993000931714
33.68788979367262
31.43567660593614
31.70947432315275
36.11250110740342
43.974436044323156
52.453469425838925
57.93250343828295
65.95447855332499
69.94773809618461
74.86455072735856
76.47490934574247
72.07188256149182
62.32579128897155
51.182158464018315
43.81896811597376
59.187111784646596
53.18712430018499
45.00444743224236
39.991489828489975
41.815283238018594
50.1981716469559
60.9600818896206
68.35594041784867
85.22928006682567
92.62513859505377
103.38704883771844
111.76993724665576
113.59373065618439
108.58077305243202
100.39809618448938
94.39810870002778
64.75714568362568
57.39395533558112
46.2503225106279
36.50423123810764
32.10120445385698
33.711563072240885
38.628375703414825
42.621635246274444
16.866382762117563
22.345416774561592
30.824450156077344
38.68638509299708
43.08941187724774
43.36320959446436
41.110996406727885
39.001893199468796
46.377664914525276
44.347429670923304
41.17365664796175
38.156391523650555
36.332598114121936
35.979932433248194
36.57447208148771
37.208836281323194
