52.717804706407655
50.28589967494957
46.78803231393895
44.16486385591898
43.811455125681974
45.78160939874841
48.77968134039681
50.94109904002513
78.08698286081554
81.05366964812687
84.13154221124813
83.45246530607231
76.71597239434898
64.94763345542775
52.34292125371714
44.22034600728304
79.0258165039677
70.90324125753361
58.29852905582302
46.530190116901764
39.79369720517845
39.11462030000262
42.192492863123874
45.1591796504352
47.12727440579298
49.288692105421305
52.2867640470697
54.25691832013614
53.90350958989913
51.28034113187916
47.782473770868535
45.350568739410456
21.683138878173615
23.84455657780194
26.842628519450347
28.81278279251679
28.45937406227979
25.836205604259817
22.338338243249183
19.90643321179109
82.2088747657261
74.086299519292
61.48158731758141
49.713248378660154
42.97675546693684
42.297678561761025
45.37555112488228
48.34223791219361
45.28659957655555
48.25328636386689
51.331158926988145
50.65208202181232
43.915589110089
32.14725017116776
19.542537969457165
11.419962723023081
31.775193342390804
29.343288310932717
25.84542094992209
23.22225249190212
22.86884376166511
24.838998034731542
27.83706997637994
29.998487676008256
