15.781169633091228
18.489211462815735
24.09039251989932
32.576795655360414
43.25381513901083
54.495971541887464
63.99437624430411
69.45817134144416
50.22968230090831
53.86844868360518
58.89084010444307
62.12642227364841
61.38143498829543
56.76929580925257
50.69333326567296
46.484378300121634
34.79862787556262
34.627895097494
36.85840609953753
44.75115096080691
59.650514864500536
79.28820471935116
98.12857622064331
109.70278843615593
84.72667356535108
90.53466013722208
98.2632270331337
102.48861381411078
99.56435070418368
89.93563025332774
78.07153080740989
70.02541014744786
30.80394878120464
25.94699637535695
19.975711480861108
18.046324281777714
23.45575943102112
35.38047946377076
49.00186091110438
57.99901573708972
34.86560688281076
41.26486742561791
50.54317506261476
57.6874264045945
59.06398990712406
54.463296255522565
47.131743393270824
41.78605894249674
52.618255567681324
47.74451392708274
40.44018577837839
34.22310959235154
31.740951008678472
33.37159617089982
37.16562198661294
40.13960169426255
41.2003806473161
42.53485715840509
44.40327601107965
45.67637548015249
45.562965494382865
44.08031169604015
42.051506903381664
40.630230147055094
