31.519246300450288
42.78679822383548
52.43287047191956
50.43699531547687
41.73130359442117
39.735428437978484
49.38150068606255
60.64905260944775
60.21821652282919
67.30242856858375
70.91978340032756
63.26958630868617
49.44017418297149
41.78997709133011
45.407331923073905
52.49154396882848
38.42779939702077
44.60701443109408
49.695351320405976
48.073871645104845
42.6111392746514
40.98965959935026
46.07799648866216
52.25721152273546
26.729524551178873
30.19638176518964
34.379721642820265
36.941581845149756
38.412563902717835
40.974424105047326
45.15776398267795
48.624621196688715
57.89547544882109
54.42861823481033
50.24527835717971
47.68341815485021
46.21243609728212
43.65057589495264
39.467236017322016
36.00037880331125
46.19720060297919
40.0179855689059
34.929648679594
36.551128354895134
42.01386072534857
43.6353404006497
38.54700351133781
32.36778847726452
24.406783477170787
17.322571431416215
13.705216599672404
21.355413691313792
35.18482581702848
42.83502290866987
39.21766807692607
32.13345603117149
53.105753699549666
41.83820177616448
32.192129528080415
34.1880046845231
42.8936964055788
44.88957156202149
35.24349931393743
23.975947390552236
