58.75226621241492
55.94187831527681
50.74895860211013
43.96408202531009
36.62018453863517
29.83530796183514
24.642388248668453
21.832000351530343
22.928198520990946
28.93778141774216
40.042042692218835
54.55045922576102
70.25425612026028
84.76267265380244
95.86693392827914
101.87651682503035
114.81678024964972
110.2795719468771
101.89590417553326
90.94211435566774
79.08581769100309
68.13202787113758
59.74836009979373
55.211151797021095
39.036616859208635
39.957007860810165
41.657668677384585
43.879689116137136
46.284786707933186
48.50680714668574
50.207467963260164
51.12785896486169
20.333268137787645
21.09795128785138
22.510901510251667
24.35700994205372
26.355223309530285
28.201331741332336
29.614281963732623
30.378965113796358
42.538975715612544
43.008055147830575
43.874800920927086
45.00725884801813
46.23302247546078
47.365480402551825
48.232226175648336
48.70130560786637
51.716045513746685
49.774591487550076
46.18725221132072
41.500167570553
36.42690371327576
31.739819072508055
28.15247979627869
26.21102577008208
34.87784879058875
36.0031625360616
38.08247121025357
40.79921891649901
43.73980544390131
46.45655315014674
48.53586182433872
49.66117556981157
