82.10640193414423
87.03449695318027
94.6766007177201
101.79910611580196
105.8538477860635
106.22352806553218
104.31569496299552
102.49096486341838
110.42939819996555
112.31660541003743
114.45925768614698
114.62981345531631
111.45785519390452
105.42628479333835
98.79780612465888
94.48288716499526
20.071693377940385
31.710797132643066
51.850157096868564
75.49065045824152
97.66632689683422
115.00114069787841
126.2229231079082
131.55634730228215
122.23727896543889
141.49630980814172
170.49877242849158
195.5187079034612
206.1634716604627
200.81249491251634
186.8640015655756
175.75212018536243
218.4474119190746
215.8482800642246
212.21546481159422
209.75631159673327
210.0149583976825
212.95202858363652
216.95062565003374
219.74771719599872
127.21775002173665
147.75111049010678
173.85979489812792
184.83599164117663
167.17665573180918
123.570260979948
72.4875042263971
38.43827319985734
51.9399066375561
53.37376872589775
55.17850856017164
55.884796208066966
54.54041394025355
51.350031770150366
47.644048299720836
45.18124057006397
172.36765541854064
186.27319493313811
203.45688028350887
209.2671261468047
194.30897391859244
160.8596666796298
122.52195958007987
97.16794599241888
