48.72275504360545
48.72275504360545
48.72275504360545
48.72275504360545
48.72275504360545
48.72275504360545
48.72275504360545
48.72275504360545
47.38765836636083
47.38765836636083
47.38765836636083
47.38765836636083
47.38765836636083
47.38765836636083
47.38765836636083
47.38765836636083
44.920721378300556
44.920721378300556
44.920721378300556
44.920721378300556
44.920721378300556
44.920721378300556
44.920721378300556
44.920721378300556
41.697512873017324
41.697512873017324
41.697512873017324
41.697512873017324
41.697512873017324
41.697512873017324
41.697512873017324
41.697512873017324
38.20873712698265
38.20873712698265
38.20873712698265
38.20873712698265
38.20873712698265
38.20873712698265
38.20873712698265
38.20873712698265
34.985528621699416
34.985528621699416
34.985528621699416
34.985528621699416
34.985528621699416
34.985528621699416
34.985528621699416
34.985528621699416
32.51859163363914
32.51859163363914
32.51859163363914
32.51859163363914
32.51859163363914
32.51859163363914
32.51859163363914
32.51859163363914
31.183494956394515
31.183494956394515
31.183494956394515
31.183494956394515
31.183494956394515
31.183494956394515
31.183494956394515
31.183494956394515
