25.578282223800933
32.82701102150007
46.22091536733883
63.72089474070853
82.66273591972165
100.16271529309134
113.55661963893013
120.80534843662926
113.67514531663605
109.12484960319728
100.71699945015746
89.73161382596545
77.84111810913583
66.85573248494383
58.44788233190398
53.89758661846523
55.70066044842054
55.29695560180394
54.551006311874566
53.576376595977024
52.52144499331632
51.54681527741878
50.80086598748941
50.397161140872804
27.59219262715445
28.200966368130228
29.325833566565922
30.795543388446248
32.386345836342635
33.85605565822296
34.98092285665866
35.58969659763443
35.45946101775995
37.41989193052483
41.042295920936624
45.775194818629075
50.89804767026385
55.6309465679563
59.2533505583681
61.213781471132975
56.815035765550235
54.649535958426185
50.64821405950808
45.420235055832855
39.7615113589624
34.533532355287186
30.53221045636907
28.366710649245018
21.060982893246063
23.04207395294416
26.7026529171365
31.485429821755744
36.66227023905421
41.44504714367345
45.105626107865795
47.08671716756389
91.11823970743157
86.4387155634731
77.79208240648182
66.4947117526849
54.266525873202944
42.96915521940603
34.32252206241475
29.64299791845627
