36.772193790983394
46.23498339618138
53.46832186787175
49.524751184171926
39.251002948640405
35.30743226494057
42.54077073663095
52.00356034182893
34.84111270363743
33.52685510236403
33.5037926976076
36.61642625518225
41.394549073137334
44.50718263071199
44.48412022595556
43.16986262468216
67.6311483588629
57.53775795344475
50.98021086048826
58.212114523395826
73.12355553956999
80.35545920247755
73.79791210952106
63.704521704102916
47.21481765384387
40.42864026651045
34.73933083325482
36.255730315997546
41.909654457032055
43.42605393977479
37.73674450651915
30.95056711918573
33.0668201102107
37.06026881298973
37.58928850321144
29.33064555418914
16.378969672781285
8.12032672375899
8.64934641398068
12.642795116759721
42.65474229304892
51.591346601296266
56.01143169691333
45.98679934945138
28.05253058758271
18.027898240120763
22.44798333573781
31.38458764398516
29.872996644450712
32.34404034289491
34.50456474499077
34.1846598719705
32.42936479970991
32.10945992668964
34.269984328785505
36.741028027229696
57.94616844496199
51.27610752431839
49.203058795661946
59.88887294564133
77.46037292154621
88.14618707152562
86.07313834286917
79.40307742222558
