125.55822073365907
120.81809676866139
112.05948974300618
100.61581817937905
88.22927733620118
76.78560577257406
68.02699874691884
63.286874781921156
56.16658697136883
54.41491903773
51.1782587344395
46.949358252274585
42.37202935456654
38.14312887240163
34.90646856911112
33.1548006354723
29.271411788224768
30.45360751133962
32.638020375356
35.49209332347934
38.581319621593565
41.4353925697169
43.61980543373328
44.802001156848135
41.327534596408896
42.68118459095526
45.182403639246075
48.45040381478619
51.98766171534499
55.2556618908851
57.75688093917592
59.11053093372229
45.1445736375731
44.34218382718449
42.8595607813572
40.92242041880705
38.825674799511184
36.88853443696103
35.40591139113373
34.603521580745124
62.61353849284941
59.989532985292726
55.14100302203571
48.80609333795067
41.94923650634027
35.61432682225524
30.76579685899821
28.141791351441533
73.77886953470805
71.27010110355297
66.63450149284373
60.57779872149568
54.02207088229923
47.96536811095119
43.32976850024194
40.821000069086864
52.800077819509994
51.286695451114184
48.49032946106549
44.83670122222801
40.88204251374228
37.22841427490479
34.432048284856094
32.918665916460284
