20.38606372925336
23.232644756506563
28.79021400733901
36.118888297359184
43.27843169813162
48.31990883383398
50.64289284920902
51.202276722144404
102.60332443293134
76.21709306766537
50.40949632935899
47.58911640667158
60.676803040483236
64.36980954749825
47.773532235053835
27.900687299490258
23.46351326475812
13.12746020625067
10.052249924388313
25.598703195194545
47.77456762475858
53.57304923040502
36.712125214045045
16.628100490377776
52.98868465651202
54.05501737243643
49.63065021337666
37.11215938023291
24.579159566196388
23.55918531323244
35.396176249034866
47.96102554513909
26.20828785589411
43.27878564378658
58.63357169583728
55.92844138053825
38.755239673032406
24.551592777553566
23.645020734742054
29.217001942454715
34.589514222835646
26.78873677752624
18.93352816639767
18.610696044034214
26.14103313601254
35.56617267880888
41.496677802177956
43.44387202202833
43.07470305466246
51.32410391611156
66.20128176142704
84.24528283255721
100.8637977202879
112.39441236171567
118.0602707811692
119.79628521291589
108.18590878315274
123.4761582597164
128.84900790187487
106.29671246341194
69.43096754109715
49.16586925695204
57.773304134567894
75.35075076544939
