46.406249999999986
46.406249999999986
46.406249999999986
46.406249999999986
46.406249999999986
46.406249999999986
46.406249999999986
46.406249999999986
46.406249999999986
46.406249999999986
46.406249999999986
46.406249999999986
46.406249999999986
46.406249999999986
46.406249999999986
46.406249999999986
46.406249999999986
46.406249999999986
46.406249999999986
46.406249999999986
46.406249999999986
46.406249999999986
46.406249999999986
46.406249999999986
46.406249999999986
46.406249999999986
46.406249999999986
46.406249999999986
46.406249999999986
46.406249999999986
46.406249999999986
46.406249999999986
46.406249999999986
46.406249999999986
46.406249999999986
46.406249999999986
46.406249999999986
46.406249999999986
46.406249999999986
46.406249999999986
46.406249999999986
46.406249999999986
46.406249999999986
46.406249999999986
46.406249999999986
46.406249999999986
46.406249999999986
46.406249999999986
46.406249999999986
46.406249999999986
46.406249999999986
46.406249999999986
46.406249999999986
46.406249999999986
46.406249999999986
46.406249999999986
46.406249999999986
46.406249999999986
46.406249999999986
46.406249999999986
46.406249999999986
46.406249999999986
46.406249999999986
46.406249999999986
