57.345758025260615
58.32466004115097
59.19063480508896
58.47852452476941
55.353941225382925
50.292574389842954
45.00777154714812
41.63741700781805
29.510773778932695
26.743516052746493
23.68247681631634
23.69590126048903
28.833931947716316
38.314350282232
48.64166220042816
55.34139836458495
32.96310151885885
35.8384848750811
39.82978400579535
42.46017035558721
42.00747491605207
38.54061646416477
33.909109303235475
30.687247857778562
46.309456359902036
47.65915383801351
49.015667956719575
48.563952925128014
45.23537663047919
39.536684640014116
33.47285278202209
29.575573301260043
55.16516660019251
45.12103149248765
30.617932319321888
19.599944803638774
17.800500188802864
25.49354760541689
37.451847799542506
46.11874762413479
53.73147038178763
71.84631626813665
99.59368107479042
124.65360617101426
137.48643923836025
136.13849777224635
126.53949953310318
118.24647885711452
134.9196543204207
116.69668280403563
88.01905810309776
60.315322212909386
42.797153897871254
38.13153548135674
42.03472896323306
46.84987492052184
11.929619014644906
19.645154628347917
31.92576491886962
44.10757774646382
52.36018195533502
55.42719336472604
54.81752787128728
53.418262066787115
