37.76098480372621
37.76098480372621
37.76098480372621
37.76098480372621
37.76098480372621
37.76098480372621
37.76098480372621
37.76098480372621
51.19895935422275
51.19895935422275
51.19895935422275
51.19895935422275
51.19895935422275
51.19895935422275
51.19895935422275
51.19895935422275
43.83005287540079
43.83005287540079
43.83005287540079
43.83005287540079
43.83005287540079
43.83005287540079
43.83005287540079
43.83005287540079
41.420197287679976
41.420197287679976
41.420197287679976
41.420197287679976
41.420197287679976
41.420197287679976
41.420197287679976
41.420197287679976
57.67355271231999
57.67355271231999
57.67355271231999
57.67355271231999
57.67355271231999
57.67355271231999
57.67355271231999
57.67355271231999
55.26369712459917
55.26369712459917
55.26369712459917
55.26369712459917
55.26369712459917
55.26369712459917
55.26369712459917
55.26369712459917
47.89479064577721
47.89479064577721
47.89479064577721
47.89479064577721
47.89479064577721
47.89479064577721
47.89479064577721
47.89479064577721
61.33276519627375
61.33276519627375
61.33276519627375
61.33276519627375
61.33276519627375
61.33276519627375
61.33276519627375
61.33276519627375
