30.85303119045019
29.676802655058943
28.604476697679655
29.35644059759977
32.919275649054285
38.75057251263942
44.861508120283936
48.764612548557714
41.79748248164659
38.98231036480669
34.62040497556877
30.563560364656183
28.269248757944183
28.086758299568164
29.204017098283973
30.263199133980642
74.72694369866365
60.6172257537833
39.7388454593809
22.61432820282805
17.043705445461374
23.8750540042689
36.87538404433916
46.72153191481918
30.179786116224385
28.41878087762134
26.071308736022708
24.776652556581176
25.638353258111618
28.525224720142333
32.091325680551726
34.51184808342092
69.99436095868866
85.4015442132815
109.52985363194531
132.567645179338
146.66717082399538
149.6819055990366
145.4933365700745
140.87746305231587
147.70118930181104
119.03698393180765
75.71351981613529
37.960949424970835
21.16784057088637
27.890791847005417
47.46521366682385
63.27652996410397
21.87051833464811
28.780343801140475
39.4157639475832
49.14214378308232
54.34645765054347
54.2363959408684
50.960987048635616
48.034370969953784
45.331454294163926
40.740260741970886
34.40157439621309
30.31351351464682
31.243181467706467
37.04904473699967
44.702480110478064
50.005210709144485
