37.61006781314509
37.862984202595236
38.330312753894525
38.94090693145151
39.601809306783124
40.21240348434011
40.6797320356394
40.93264842508954
49.47126856210663
49.018737332702386
48.182568651364875
47.09006161993977
45.90754053036063
44.81503349893552
43.97886481759801
43.526333588193765
57.134198751184414
57.071132970308994
56.9546026020037
56.802348338492614
56.63754951120695
56.48529524769586
56.36876487939057
56.30569909851515
55.964127257261374
57.17950692773369
59.42523573129306
62.35942181517987
65.53536194658544
68.46954803047225
70.71527683403163
71.93065650450394
80.04277867282838
77.59240193879924
73.0646961157765
67.14896337155986
60.74582039020545
54.83008764598882
50.30238182296606
47.85200508893693
36.72130374011887
39.765916181324116
45.39162641904161
52.74197106676916
60.69792678293041
68.04827143065796
73.67398166837546
76.7185941095807
63.11072894659004
60.58171351566446
55.908702327589765
49.80311897479841
43.19448317550196
37.08889982271061
32.415888634635905
29.88687320371033
32.820526256765106
33.802606930871775
35.61725539903586
37.98820788180871
40.55450835642592
42.92546083919876
44.74010930736286
45.722189981469526
