40.34424066476654
39.55799288178986
35.400817156733304
27.747582916999036
21.742832111282
23.41628169867227
32.44902873390107
40.989464778048934
42.47815111907373
33.80479954922541
28.714096953368177
36.0429766963831
49.47515865487178
54.61568932985815
46.430193802788416
35.56849316491153
48.39702283520708
64.30921020579517
79.91632142617144
80.73685342196985
68.98719640744802
58.806154710989674
58.85469120832933
63.765304886660644
69.77717310182209
68.67550312423172
70.0151284716627
75.29887511721952
80.41380089744156
79.46565664708635
71.99205737028912
64.65849649678673
100.88830978489125
91.24476680357077
79.50287714701271
72.97794276312392
72.05659440014163
71.76355091216489
68.83488587983504
65.42323379442661
63.316272826529115
73.34532431193065
82.85150066603855
85.0274609415723
86.65292648053243
99.83046044832295
124.89521152546746
145.92583670312575
210.0585532191899
192.79066593304856
172.76808095442163
162.44270894007457
159.13471845714753
150.99769551082903
134.0699034634146
118.99036524530186
71.99027644852013
83.52173719040762
98.08117722459124
106.97559920265743
108.78677259113476
108.35451074207643
109.7240280159747
111.92880493073766
