23.714459798711346
35.70151800813491
47.93436698941579
49.96833343900424
43.43760209638193
38.41380958944082
40.66548013443739
45.594779387331386
59.104456564542865
38.381142124060936
17.59543951868384
15.06274973663557
27.737065183860274
37.66390920292194
34.49864827992055
26.23486764054855
33.42429733202581
36.050172747280754
37.420000032812396
34.31152084908739
27.880557998705473
22.293723450154815
20.158626966369894
20.3061470167992
99.12228981030691
119.70361705649567
142.8920897471069
152.31310418809318
149.44155502627112
148.29988674141126
156.55047026608685
166.56911478642948
93.50271018969303
72.92138294350427
49.73291025289307
40.311895811906794
43.18344497372886
44.3251132585887
36.0745297339131
26.05588521357045
43.70070266797417
41.074827252719224
39.70499996718758
42.8134791509126
49.2444420012945
54.83127654984516
56.96637303363007
56.81885298320078
10.270543435457144
30.993857875939085
51.77956048131618
54.31225026336446
41.63793481613976
31.711090797078086
34.876351720079484
43.14013235945149
60.41054020128859
48.423481991865046
36.19063301058418
34.15666656099574
40.68739790361805
45.711190410559155
43.45951986556259
38.53022061266859
