45.58545650634609
45.115723722987774
44.24777071439916
43.11373545812425
41.886264541875704
40.7522292856008
39.884276277012184
39.414543493653866
38.36411499519776
38.72734435907748
39.39850470886861
40.275417965399164
41.22458203460085
42.10149529113141
42.77265564092254
43.135885004802255
55.33590912432268
56.85475464712306
59.66121523024639
63.32803269054071
67.29696730945923
70.96378476975354
73.77024535287688
75.28909087567726
86.63036634122199
83.11849280150005
76.62939663326591
68.15098390432999
58.974016095669995
50.49560336673407
44.00650719849993
40.49463365877799
40.494633658778
44.006507198499946
50.49560336673407
58.974016095669995
68.15098390432999
76.62939663326591
83.11849280150005
86.63036634122199
75.28909087567727
73.7702453528769
70.96378476975356
67.29696730945925
63.328032690540724
59.66121523024641
56.85475464712307
55.335909124322704
43.13588500480227
42.77265564092255
42.10149529113142
41.22458203460085
40.275417965399164
39.3985047088686
38.72734435907746
38.364114995197745
39.41454349365387
39.88427627701219
40.7522292856008
41.886264541875704
43.11373545812424
44.247770714399145
45.11572372298775
45.58545650634607
