24.065083766913688
24.065083766913688
24.065083766913688
24.065083766913688
24.065083766913688
24.065083766913688
24.065083766913688
24.065083766913688
37.40187472674055
37.40187472674055
37.40187472674055
37.40187472674055
37.40187472674055
37.40187472674055
37.40187472674055
37.40187472674055
149.55050030981565
149.55050030981565
149.55050030981565
149.55050030981565
149.55050030981565
149.55050030981565
149.55050030981565
149.55050030981565
37.04551173228935
37.04551173228935
37.04551173228935
37.04551173228935
37.04551173228935
37.04551173228935
37.04551173228935
37.04551173228935
52.82948826771063
52.82948826771063
52.82948826771063
52.82948826771063
52.82948826771063
52.82948826771063
52.82948826771063
52.82948826771063
37.94949969018428
37.94949969018428
37.94949969018428
37.94949969018428
37.94949969018428
37.94949969018428
37.94949969018428
37.94949969018428
38.84812527325942
38.84812527325942
38.84812527325942
38.84812527325942
38.84812527325942
38.84812527325942
38.84812527325942
38.84812527325942
42.18491623308627
42.18491623308627
42.18491623308627
42.18491623308627
42.18491623308627
42.18491623308627
42.18491623308627
42.18491623308627
