46.16305637607568
46.16305637607568
46.16305637607568
46.16305637607568
46.16305637607568
46.16305637607568
46.16305637607568
46.16305637607568
64.41209422300325
64.41209422300325
64.41209422300325
64.41209422300325
64.41209422300325
64.41209422300325
64.41209422300325
64.41209422300325
51.43214768153562
51.43214768153562
51.43214768153562
51.43214768153562
51.43214768153562
51.43214768153562
51.43214768153562
51.43214768153562
67.73528119027601
67.73528119027601
67.73528119027601
67.73528119027601
67.73528119027601
67.73528119027601
67.73528119027601
67.73528119027601
64.13971880972395
64.13971880972395
64.13971880972395
64.13971880972395
64.13971880972395
64.13971880972395
64.13971880972395
64.13971880972395
41.192852318464325
41.192852318464325
41.192852318464325
41.192852318464325
41.192852318464325
41.192852318464325
41.192852318464325
41.192852318464325
49.08790577699672
49.08790577699672
49.08790577699672
49.08790577699672
49.08790577699672
49.08790577699672
49.08790577699672
49.08790577699672
28.08694362392425
28.08694362392425
28.08694362392425
28.08694362392425
28.08694362392425
28.08694362392425
28.08694362392425
28.08694362392425
