50.009290452810134
40.97784098323563
29.12267280553082
23.083202978456907
28.611660485250386
44.86638778609403
64.53997554890955
77.8027232072526
142.1912003661213
156.02434087748273
173.75644155933577
181.61718993825113
170.58164823565446
142.32987763833145
108.99116421253231
86.71178574765534
27.285352613522235
26.346216612073626
26.01317687900681
28.320027024305993
34.31782735189693
43.09346713209924
51.90867743285096
57.43833106630548
48.274469408588004
40.87724048055817
30.97426914338017
25.398167359803438
28.76317154952534
40.556990328499644
55.21879622822466
65.19148786274587
49.860770714558186
52.238211833177495
54.389691923438605
52.81776693411325
45.52028990706559
33.608235567869635
21.13656449485162
13.173876263600329
44.343666088302356
45.69799156612703
48.193325565438
51.439688266147044
54.93571719609177
58.149173642269254
60.59797117013481
61.91939039342793
35.29966956803713
37.602800610978576
41.1157063295573
44.25320613531262
45.79491858037364
45.506131920637934
44.17353685114388
43.05038142859429
46.11058078806053
43.61035703636663
39.80971579431242
36.44575136360947
34.849766694141756
35.26473598419867
36.8083140613521
38.087024030418064
