35.873296001093074
47.21354942193224
59.00019169769414
62.422378643869784
60.75638044059854
64.17856738677418
75.96520966253608
87.30546308337524
53.08648443633943
46.65743027785879
43.945500959252016
52.37999787977904
66.87957822170192
75.31407514222894
72.60214582362218
66.17309166514153
79.06735433928692
71.46431107131532
66.58313273340886
72.18336922372451
83.61516818238924
89.21540467270489
84.33422633479843
76.73118306682683
52.534686910965966
61.04067990159375
67.5902917747978
64.16996875105974
55.09769112593098
51.677368102192915
58.226979975396965
66.73297296602476
37.345119345833744
45.85111233646153
52.4007242096656
48.98040118592753
39.908123560798764
36.48780053706069
43.03741241026475
51.543405400892546
47.24548426753323
39.64244099956164
34.76126266165518
40.361499151970825
51.79329811063553
57.393534600951185
52.51235626304473
44.90931299507314
29.66274100049833
23.233686842017686
20.521757523410912
28.956254443937944
43.45583478586081
51.89033170638784
49.17840238778108
42.74934822930042
28.42894460476618
39.76919802560533
51.55584030136721
54.97802724754286
53.31202904427163
56.73421599044728
68.52085826620916
79.86111168704832
