167.3894543598603
166.69721558095847
161.2411020644103
145.94455500309726
118.95931198588768
84.39363164031467
51.68684849799116
31.72547643482935
56.89125067251723
57.093478414376165
58.13205855563075
60.7892042499341
65.32530115044992
71.04976962389547
76.42619923958891
79.69574976059005
24.934608928241346
21.358646104292774
17.473387392652544
17.720183827972
24.783721902683485
37.58864197604426
51.46325203128023
60.44541284537297
50.57569410885664
47.62696885883406
42.96828707498587
38.425910276899494
35.481226182477364
34.58253625146746
35.07680585207953
35.77176746913342
39.54755356326037
39.76122980908463
40.94590405642839
44.038239839284415
49.35730909394856
56.09333174388105
62.430957375685075
66.2883204885858
42.25170152782032
37.62143361598876
31.788073120913285
29.489551914186656
33.79805802588081
44.05766045719549
55.98416872899622
63.91202445520595
50.16687250313982
48.16766730746215
45.13852978234422
42.48094622219187
41.26442163101901
41.67416085000886
42.982872799329755
44.05099038279429
18.99286433630388
32.42336030900289
53.06265795263452
71.86140866643409
81.78065002765302
81.31026745719261
74.69889547504897
68.86025816348801
