80.65033576454158
70.80474893997173
56.7815650582218
46.611668136502736
46.01242121461688
55.0750542042345
68.25077496184315
77.63771804860998
37.451365514485026
45.962824383340624
59.854833573347946
74.41721455159472
85.59786073096777
91.69462008346757
93.61443235642453
93.66026959953317
81.19718257129995
80.71763134759058
79.35545450318347
76.64474988408423
72.52211597229675
67.61518640912115
63.147078462779135
60.471302294993386
33.85400450656129
34.96700570413992
36.93458737322099
39.331371433111684
41.7034928544694
43.68981765422668
45.07692227082545
45.779464208270674
38.04533530207473
49.04990415470953
64.40302283982686
74.72358266863228
73.45969879429427
60.80378607954498
43.66326567807417
31.691361987154274
20.948278997988503
26.394011797874203
34.83257806723849
42.68283186659708
47.125807340410255
47.48510174846292
45.32985165145625
43.28462506003603
28.23199913700649
26.636181159533727
27.622527717990543
36.60585450637508
56.15356514767403
83.2896978971878
109.94798884100086
126.50497682465736
171.3714982060423
157.21769251283956
131.96543086696977
100.73272695310209
69.17503794527057
42.09673592375436
22.719685777596418
12.72028197674512
