43.970067895026766
44.80243487061349
46.340448495179274
48.349960136512216
50.525039863487756
52.53455150482069
54.07256512938648
54.904932104973206
59.08952347328169
57.62009039528521
54.904932104973206
51.35740683907448
47.51759316092549
43.97006789502677
41.25490960471476
39.785476526718284
47.51759316092549
47.80988157317575
48.349960136512216
49.055606785491285
49.819393214508686
50.525039863487756
51.06511842682422
51.35740683907448
41.254909604714754
42.50063481703029
44.80243487061349
47.80988157317575
51.06511842682422
54.07256512938648
56.37436518296968
57.62009039528522
57.62009039528521
56.374365182969676
54.07256512938648
51.06511842682422
47.80988157317575
44.80243487061349
42.500634817030296
41.25490960471476
51.35740683907448
51.06511842682422
50.525039863487756
49.819393214508686
49.055606785491285
48.349960136512216
47.80988157317575
47.51759316092549
39.785476526718284
41.254909604714754
43.970067895026766
47.51759316092549
51.35740683907448
54.904932104973206
57.62009039528522
59.08952347328169
54.9049321049732
54.072565129386476
52.53455150482069
50.525039863487756
48.349960136512216
46.34044849517928
44.802434870613496
43.97006789502677
