48.63245098337533
57.999776606402236
71.5018924196328
81.7000975133212
83.23536258717712
75.87395745091857
64.54303432697279
56.35074972005275
58.68407806285752
57.9837643012897
57.66614798210681
59.1604140538014
63.215468834627735
69.21396699336815
75.26629677976153
79.07021510523951
71.67527950368235
64.60717128227
53.472665831481834
42.69017892050644
35.8269020259396
33.92770683921916
35.35607302338902
37.171256526231645
70.38074746937302
71.523646362761
72.5322691963978
71.69293164430145
68.03023628313963
62.1017952792331
55.9133389910002
51.96713443257802
65.0457950601679
63.65710901066898
61.33043032296514
58.75836570466082
56.57176722679719
55.103524686064446
54.33788615090918
54.053022178981834
47.17103348298986
41.94191293001389
38.02840914546027
44.15613798279757
65.14085939384498
97.78783977074383
131.37822117742184
152.6683521640074
131.1555306273816
108.75052989952118
74.04939862785625
41.80734736598321
23.630848068676276
22.28710798357398
31.282787432522404
39.7760978814327
57.3877056281846
52.25144853550721
45.703427545664766
42.901905996615625
47.215934761785135
57.98874206844435
70.63772104645719
79.07579280948816
