110.83118571435666
100.76098786711282
103.11048328656777
130.05458161401725
161.16682966477245
163.176833799705
130.26419504661436
95.25990300685363
53.63941062673023
61.48265071921219
75.75353938163923
92.97499491851161
108.14332426745878
117.29582399103619
120.15548590811227
119.92977018729927
149.07466992756838
156.85846955913198
175.5096407211368
199.93772134543647
212.6286753674077
197.82508785534503
160.99430186438573
129.54643335958696
196.90302517485682
206.05219612797535
213.59383092320348
211.42180086921942
204.20045794438923
203.51280556045936
213.15366738836192
223.78721601153464
110.67574032170964
98.76737998931755
102.44839346425391
134.8268024706819
167.2788990736072
157.07095534247628
100.5257712039522
46.03105813400119
55.941595568997954
45.3986065581608
37.970083666320505
43.74838199446478
56.28818165058867
60.19617304759055
50.122636727928295
37.70934078594874
197.37685486983617
186.7744253980806
183.7261850058181
196.71110842138964
206.77353275053758
186.72543691189938
136.9614526842018
93.32600395823647
37.62257978220975
44.93358825018004
53.806741100889596
57.06902172588406
51.18752735322399
38.2819271032306
24.29024354569971
15.433371138682137
