61.031591625369494
66.78237416473418
67.51246709285712
57.128378643409725
44.77928302187671
45.711782873218176
62.445948456109434
79.51331929626298
45.93405845557652
56.933829939643466
66.21411454498558
63.53540288531735
53.06634512733217
47.73238687409209
53.25758573535991
61.602110625855005
32.930806102513024
46.0679419346423
60.453341251622085
64.45080684796831
57.45560609493929
48.10424563008907
43.611554089565395
43.399863860498215
36.68833860586503
42.738496338198374
49.82221457448876
52.662946921072134
50.20655907599523
45.48578886586403
41.875927634529816
40.36458281014859
53.272875100675456
47.22271736834211
40.13899913205174
37.29826678546836
39.75465463054526
44.47542484067646
48.085286072010675
49.5966308963919
66.18773535044639
53.050599518317114
38.665200201337335
34.66773460499111
41.66293535802012
51.01429582287034
55.50698736339402
55.7186775924612
66.134900091464
55.135128607397064
45.854844002054946
48.533555661723156
59.00261341970835
64.33657167294842
58.81137281168062
50.466847921185526
60.19469466808996
54.44391212872528
53.71381920060234
64.09790765004972
76.44700327158274
75.51450342024128
58.78033783735002
41.71296699719648
