46.80680477651616
42.96569858983438
40.02584319063805
41.61688146767685
45.77446484463606
47.365503121674855
44.42564772247853
40.584541535796745
70.52850881032792
60.995506257332075
53.699261981880845
57.647960929469065
67.96640853819925
71.91510748578747
64.61886321033624
55.08586065734039
63.26273550775031
84.99811334680757
101.63365133721265
92.63056305297151
69.1043596095678
60.10127132532666
76.73680931573172
98.472187154789
79.64146598463368
80.6194906002079
81.36803823385887
80.96292717375329
79.9043209581618
79.49920989805622
80.2477575317072
81.22578214728141
74.02139733557078
63.46882047064578
55.39222780071391
59.7632482561504
71.18527514773118
75.55629560316767
67.4797029332358
56.9271260683108
53.34125253718576
54.72088859216097
55.77681631402606
55.20535234891641
53.71204504376907
53.14058107865943
54.19650880052452
55.57614485549973
68.55500314473596
54.97299180369933
44.57777036688039
50.20362366864294
64.90468680846382
70.53054011022638
60.13531867340745
46.553307332370814
55.21783190327935
68.63349033931189
78.90139077478912
73.3444431024194
58.82343904947092
53.26649137710121
63.53439181257842
76.95005024861098
