46.24792883452057
38.913949536972396
28.542136548216252
21.208157250668073
21.20815725066807
28.542136548216245
38.913949536972396
46.24792883452057
39.73344051828589
51.551446463074896
68.2646307504014
80.0826366951904
80.0826366951904
68.26463075040141
51.551446463074896
39.73344051828589
52.56883086640694
49.07741221814394
44.13980061384806
40.64838196558506
40.64838196558506
44.13980061384806
49.07741221814394
52.56883086640694
47.36845006376931
46.375842064791485
44.972082370517015
43.97947437153919
43.97947437153919
44.972082370517015
46.375842064791485
47.36845006376931
50.1592318840862
49.16662388510838
47.76286419083392
46.7702561918561
46.7702561918561
47.76286419083392
49.16662388510838
50.1592318840862
60.51630509371455
57.024886445451536
52.087274841155654
48.59585619289264
48.59585619289264
52.08727484115565
57.02488644545154
60.51630509371455
51.62767624550991
63.44568219029892
80.1588664776254
91.9768724224144
91.97687242241442
80.15886647762541
63.44568219029891
51.62767624550992
60.27813649370651
52.94415719615834
42.57234420740221
35.23836490985404
35.23836490985404
42.5723442074022
52.94415719615834
60.27813649370651
