43.58302640165649
43.79814625567679
46.84030303162431
53.09627288743134
57.95886929768977
55.86642420666344
47.102139340480946
38.96884424766787
63.637496338889896
79.53338187171343
96.34162465049829
100.71339362136456
94.6277937042975
90.65114772833041
95.65294886498522
103.20041945097542
84.14405209722273
76.37565421332606
70.96563265925363
74.40891295631644
79.91720202263389
75.01206737286336
57.795604176660895
41.67879134593087
55.69165826248472
61.29853359358426
65.3946034430084
61.387731681058526
49.923282282026676
37.567995573243444
29.85762378053755
27.11608416480372
16.82235330928788
27.79450654481227
41.80431727850274
50.750372199316026
53.30606961266624
53.90370958664616
56.10707867820661
58.730816966897635
47.443375943450306
43.68972974662929
45.69800201616551
58.83375028572658
74.83309108705998
79.6204244097877
69.82225503719391
57.72019389353952
71.64680408464024
83.96979252620109
94.17618231621252
89.92221467238906
74.50018472180531
61.897802131148474
60.297750279029856
64.27232377375736
27.399690490774187
27.302371963796716
29.767217888994608
35.26889476799091
39.315050343414086
36.46831227557701
27.126716558644887
18.680983084834047
