47.01481160835839
58.10371271620248
73.78578705472962
84.8746881625737
84.87468816257372
73.78578705472964
58.10371271620247
47.0148116083584
57.80102971434896
48.76965022569053
35.99735086589161
26.96597137723319
26.96597137723319
35.9973508658916
48.76965022569054
57.80102971434895
53.010353498008335
50.531454731985185
47.02576247732531
44.54686371130216
44.54686371130216
47.02576247732531
50.531454731985185
53.010353498008335
57.00746818304363
48.619259749923515
36.756541619792685
28.368333186672572
28.36833318667257
36.75654161979268
48.61925974992352
57.00746818304363
51.81131338341816
54.29971121530888
57.818837177748556
60.30723500963928
60.30723500963928
57.818837177748556
54.29971121530888
51.81131338341816
43.83723399074083
60.55953552568451
84.20844115049428
100.93074268543796
100.93074268543796
84.2084411504943
60.5595355256845
43.83723399074084
55.976382796901845
50.76435951663975
43.393445506288785
38.18142222602668
38.18142222602668
43.39344550628878
50.76435951663975
55.976382796901845
54.79140682517981
49.60231631856511
42.263834147729106
37.0747436411144
37.074743641114395
42.263834147729106
49.60231631856511
54.79140682517981
