64.17079853547506
78.91597178146456
90.88543794149089
85.41837827304369
67.175145089021
53.554752995212894
53.99366586075753
60.585506681386164
23.01377999942659
26.252525371154032
32.1738520304378
38.681216434349665
42.31055616115961
40.664588139710595
35.05536150451268
30.14077445087925
47.32814570643907
66.83943743241575
81.31412500077408
70.88709647994888
43.583946952264945
25.003586006078866
27.947720279955494
39.30567958057131
39.62742486934955
47.63228872106416
56.05883678867993
57.6062323402138
52.1756557233625
45.56971884953549
42.46571362266958
42.31724504902332
49.01755609821058
57.02241994992518
65.44896801754096
66.99636356907482
61.56578695222355
54.95985007839654
51.85584485153063
51.70737627788436
63.905172233338455
83.41646395931514
97.89115152767346
87.46412300684827
60.16097347916432
41.580612532978236
44.524746806854864
55.88270610747068
26.311155590007544
29.549900961734995
35.47122762101876
41.97859202493063
45.60793175174056
43.96196373029154
38.35273709509364
33.4381500414602
50.11747402617643
64.86264727216594
76.83211343219227
71.36505376374505
53.121820579722375
39.50142848591428
39.94034135145891
46.53218217208755
