50.5741575507865
56.01934358231795
63.71999951775425
69.16518554928571
69.16518554928571
63.71999951775426
56.019343582317944
50.5741575507865
52.57968751089438
53.4499519591596
54.6806917447474
55.55095619301262
55.55095619301262
54.680691744747406
53.4499519591596
52.57968751089438
32.05614851830557
41.37976579381839
54.565351795224714
63.88896907073754
63.88896907073754
54.56535179522472
41.37976579381839
32.05614851830558
60.48128765592786
58.76006719832594
56.3258938833513
54.60467342574938
54.60467342574938
56.32589388335129
58.76006719832594
60.48128765592786
55.894947922799936
66.12857368101653
80.6011060205371
90.8347317787537
90.8347317787537
80.60110602053712
66.12857368101653
55.89494792279994
35.944259602338015
35.133047627439886
33.98582065057949
33.17460867568136
33.17460867568136
33.98582065057949
35.133047627439886
35.944259602338015
49.98173474268667
57.62387559503614
68.43149483399425
76.07363568634372
76.07363568634372
68.43149483399425
57.62387559503614
49.981734742686676
51.486437244710366
54.553656513793605
58.891359602903215
61.958578871986454
61.958578871986454
58.891359602903215
54.553656513793605
51.486437244710366
