41.4833825229839
37.92498807920649
33.18251926055714
30.569643020945765
32.31673285383742
38.15781016958312
45.371037124592014
50.26659623617167
54.79178037235579
47.541525817403105
36.58833146602859
27.055394039107615
22.83754606985643
24.57691667670648
29.565173225938164
33.58722670475651
24.69245842966823
33.62715991579029
46.96252196232227
58.17990632041262
62.3977542896638
58.97393675164438
51.603512507255225
45.897012097267506
43.279514161477984
42.04100958746836
39.999638757829096
37.81561597965344
36.068526146761776
35.02434784880311
34.59496054208284
34.49630044829021
41.53653348319674
52.273994639918655
67.16919696919535
76.96113992175123
75.21405008885957
62.19390606016937
44.82794559453312
32.75331977000896
40.97194308473398
39.75391106022869
38.73113968087167
39.79579052833468
44.01363849758586
50.742554470193774
57.73026365169363
62.17649675233325
68.60631811324194
68.13990320657787
66.78050689077742
64.03140911214504
59.81356114289386
54.76909210145532
50.163550615112925
47.401764445642684
62.76306983234135
56.82250769340647
48.71114501241837
43.716101077649526
45.463190910541186
53.68643592144435
64.26855673879199
71.5462835455291
