37.35297441303295
41.33720338635944
47.04904667400899
51.28540211669738
51.75127108599296
48.3757292544332
43.32272418145023
39.695055880528585
69.69442629911597
60.50577652309888
46.44031257986541
33.75890297056126
27.305124326658362
28.061505943041844
32.999948599514006
37.249090049184545
83.12267767959611
81.9893949489504
79.31594033117442
74.68989776724165
68.23611912333875
60.93713369435086
54.48356702536552
50.67734142966469
75.67342282165632
81.54770782058749
89.93249397329217
96.05890544158524
96.52477441088081
91.25917655371637
83.53322861567828
78.01550428915196
79.50277445728084
73.98505013075452
66.25910219271643
60.993504335552004
61.45937330484757
67.58578477314063
75.97057092584531
81.84485592477647
84.02117045991331
80.21494486421248
73.76137819522715
66.46239276623926
60.00861412233637
55.382571558403605
52.709116940627624
51.57583420998192
65.17739806123738
69.42653951090792
74.36498216738009
75.12136378376357
68.66758513986068
55.986175530556544
41.920711587323055
32.73206181130597
39.91166537303859
36.28399707211695
31.230991999133984
27.855450167574237
28.321319136869807
32.55767457955818
38.269517867207725
42.253746840534205
