39.05438149630521
38.22379834045273
37.201751645041256
36.86886483791528
37.78848777790333
39.82061620879492
42.14320613820691
43.67763822037199
51.70805427428837
54.07335498562233
56.983897727356734
57.93187914997614
55.31301458622248
49.52600242586086
42.91182590004772
38.54213302840064
51.637251057530364
48.09732838251118
43.74139334274725
42.32263888275522
46.2420466805094
54.902922428321865
64.80173713214063
71.34144466492594
46.550065434699384
50.72568893561109
55.86386465024994
57.53739964212202
52.91414291805524
42.69794340436222
31.021495328215508
23.30738432356211
46.449934565300595
42.27431106438889
37.13613534975004
35.46260035787796
40.08585708194474
50.30205659563776
61.978504671784464
69.69261567643787
62.23774894246958
65.77767161748876
70.1336066572527
71.55236111724473
67.63295331949055
58.972077571678085
49.073262867859334
42.53355533507402
62.1669457257116
59.80164501437764
56.89110227264323
55.94312085002383
58.56198541377749
64.3489975741391
70.96317409995224
75.3328669715993
53.945618503694774
54.77620165954727
55.798248354958744
56.13113516208472
55.21151222209667
53.17938379120508
50.85679386179308
49.322361779628
