51.82884611037634
57.84393382212581
57.23980407217785
43.16904271881749
27.05148597931756
27.41072205208667
47.213690367179844
67.65877550505878
37.1654162436416
50.348461609458006
61.87193438784792
59.99578515295059
49.96978558676113
46.943652626303944
56.84080282349876
68.87386446375533
77.28991522566058
78.22367862960611
74.35300613780419
63.809922008073755
54.49689485044365
56.93457966549194
71.42148666542758
85.33601901415186
84.3107819811091
85.16324941500379
84.0263946157614
79.1540883946914
72.75250035876186
68.99270343591658
69.42917437448979
71.3941511066092
91.09301653061634
75.59273583364057
56.82502761456245
49.693588024613256
60.98077566362128
85.77172935214465
112.1491026508902
128.571215232387
192.0639175607433
179.77469633999732
165.62942967034405
158.43371248067695
155.9518588162304
149.45887736072658
136.30742909709105
124.72094361050833
99.98075096995429
98.1531634209383
104.64562980400366
124.26058035829847
146.08146074656457
153.16289034747734
141.93028141398239
127.56917291158432
112.26735537789813
120.90008092922973
141.40877369749825
167.48328086187777
178.71523799829922
157.324845159852
110.7080326074401
71.87585815594493
