47.67056444895192
49.73737309567331
51.319239949611685
50.463139777309706
48.22604221860159
47.36994204629961
48.951808900237985
51.018617546959376
62.80555061641826
56.919777557050395
52.415001884088646
54.852968910329004
61.22368376247989
63.661650788720245
59.1568751157585
53.27110205639063
45.305952765701896
54.114634644093144
60.856507875763
57.20783237510324
47.6733838150756
44.02470831441583
50.76658154608568
59.57526342447693
75.18511198108799
64.79456324875837
56.8419815426691
61.1458877480986
72.3925366527302
76.6964428581597
68.74386115207044
58.35331241974082
41.018380519941104
51.408929252270724
59.361510958359986
55.05760475293049
43.810955848298896
39.50704964286939
47.459631348958645
57.850180081288265
61.47897689073843
52.67029501234719
45.92842178067734
49.5770972813371
59.11154584136473
62.760221342024494
56.018348110354644
47.2096662319634
30.659519727141355
36.545292786509215
41.05006845947096
38.612101433230606
32.24138658107973
29.803419554839373
34.30819522780111
40.19396828716898
36.375943050018954
34.30913440329756
32.72726754935918
33.58336772166117
35.820465280369284
36.67656545267127
35.09469859873289
33.0278899520115
