32.12001512461481
34.63105555517349
39.27085327337646
45.33304113649838
51.89470599624877
57.95689385937069
62.59669157757367
65.10773200813234
35.509868751194
41.373122170734014
52.20700182721368
66.36214775229762
81.68356729560914
95.83871322069305
106.67259287717275
112.53584629671275
52.32255699669717
51.64730934241564
50.39961436808171
48.769422323154615
47.00491516874682
45.37472312381973
44.127028149485795
43.45178049520426
23.319014201669326
27.676381203948107
35.72774558203896
46.247360095177406
57.63370879428112
68.15332330741956
76.20468768551042
80.56205468778921
71.97358897564187
71.41209823116931
70.37459861814388
69.01904004769126
67.55179402399385
66.19623545354123
65.1587358405158
64.59724509604324
50.78196832560938
50.925113088258996
51.18961012105533
51.53519214842672
51.90924743941474
52.25482946678613
52.51932649958246
52.66247126223208
56.54693032545743
56.27226082508889
55.76473776589769
55.10162693293772
54.38388093941245
53.72077010645248
53.21324704726128
52.93857754689274
67.74870609703194
66.49827043620661
64.1877666086891
61.168947877449604
57.9014020286594
54.882583297419906
52.5720794699024
51.32164380907706
