54.94607509637241
54.597469982765894
53.95333172398624
53.11172453080478
52.20077546919519
51.35916827601374
50.71503001723408
50.36642490362756
58.997796360593995
56.22449231059753
51.100094612152745
44.40474636206704
37.15775363793294
30.462405387847234
25.33800768940244
22.564703639405973
55.87588719699102
53.57786551697606
49.33167512611003
43.78376001959052
37.778739980409455
32.230824873889944
27.984634483023903
25.68661280300895
46.05562997554498
47.06051453949873
48.917299101845536
51.34330504476206
53.96919495523791
56.39520089815443
58.25198546050124
59.25687002445499
41.64058369588079
43.317619033419234
46.41637628071907
50.46509773718331
54.84740226281666
58.896123719280894
61.994880966580745
63.67191630411918
43.30289913158316
42.91900091010592
42.20964949132532
41.282837198464065
40.279662801535935
39.352850508674685
38.64349908989407
38.25960086841684
40.180989967980175
40.27237411648445
40.4412300052826
40.66185085598754
40.90064914401244
41.12126999471739
41.290125883515536
41.38151003201981
32.750138575053356
35.78066359015206
41.38034365857836
48.69667825114058
56.61582174885936
63.932156341421575
69.53183640984788
72.56236142494659
