47.84801040793901
50.41256413886638
55.1512415429249
61.34262194156429
68.04412379409479
74.23550419273417
78.9741815967927
81.53873532772008
49.05815298544333
51.23227665857448
55.249533384082724
60.49833224203234
66.17959118678063
71.42839004473025
75.4456467702385
77.61977044336965
51.29420490299673
52.7469078975776
55.431153024599844
58.938288296216996
62.734384159585744
66.24151943120289
68.92576455822514
70.37846755280601
54.21574752601279
54.72586897990389
55.668450520593666
56.899992653035035
58.233004251521045
59.464546383962414
60.40712792465219
60.91724937854329
57.378002473987166
56.86788102009607
55.9252994794063
54.69375734696493
53.36074574847893
52.12920361603755
51.18662207534778
50.67650062145668
60.299545097003225
58.84684210242236
56.16259697540011
52.65546170378297
48.85936584041422
45.352230568797076
42.66798544177483
41.215282447193964
62.53559701455662
60.36147334142548
56.34421661591723
51.09541775796761
45.414158813219316
40.1653599552697
36.148103229761446
33.973979556630304
63.74573959206095
61.18118586113358
56.44250845707506
50.25112805843567
43.54962620590518
37.35824580726579
32.61956840320726
30.05501467227989
