78.64189542182392
77.55905295100986
75.55822095957176
72.94400798061886
70.11440424229713
67.50019126334423
65.49935927190613
64.41651680109207
53.86683029484584
52.20478640736502
49.133729747806996
45.121200853391514
40.778070874628334
36.76554198021285
33.69448532065481
32.032441433174
31.332359551109107
33.844989701432475
38.487724838741514
44.55375062487975
51.1195696225683
57.185595408706526
61.82833054601557
64.34096069633894
32.33313512856668
35.899335920272826
42.48881576083853
51.09838607832116
60.41731783783328
69.02688815531592
75.61636799588163
79.18256878758777
36.619478442185624
35.78524172207739
34.243773260122694
32.22974765620774
30.04978205134102
28.03575644742607
26.494287985471374
25.660051265363137
25.952045136212067
26.1713790574866
26.57665529878857
27.106174226218023
27.67932138317486
28.208840310604312
28.61411655190628
28.833450473180815
28.45875853563442
32.85276649471314
40.97183453288217
51.579908140865335
63.0620042742739
73.67007788225706
81.78914592042611
86.18315387950483
50.76548452522512
54.58029106763708
61.629134437686204
70.83889213020677
80.80746202317391
90.01721971569448
97.06606308574361
100.88086962815557
