23.695277007659342
33.234523258173894
46.72505468046826
56.26430093098281
56.26430093098281
46.725054680468276
33.23452325817389
23.69527700765935
56.66905945552174
62.966696537322974
71.87290030931001
78.17053739111125
78.17053739111125
71.87290030931001
62.966696537322974
56.66905945552175
60.47040888190482
62.183718313398714
64.60670374795912
66.32001317945301
66.32001317945301
64.60670374795912
62.183718313398714
60.47040888190482
54.63815780828094
53.109858071061524
50.94851585531458
49.42021611809517
49.42021611809517
50.94851585531458
53.109858071061524
54.63815780828094
60.329783881904795
58.80148414468538
56.64014192893844
55.11184219171903
55.11184219171902
56.64014192893844
58.80148414468538
60.329783881904795
43.429986820546965
45.143296252040855
47.56628168660126
49.27959111809515
49.27959111809515
47.56628168660126
45.143296252040855
43.429986820546965
31.57946260888872
37.87709969068995
46.78330346267698
53.080940544478224
53.080940544478224
46.783303462677
37.87709969068995
31.57946260888872
53.485699069017144
63.024945319531696
76.51547674182606
86.05472299234061
86.05472299234061
76.51547674182608
63.02494531953169
53.48569906901715
