29.035084635894744
29.22139218875564
29.56564365843653
30.015429879325847
30.502274976615436
30.95206119750475
31.296312667185642
31.482620220046538
36.94803728159945
38.20854747537233
40.53766661246953
43.58080741778556
46.87467928985114
49.917820095167166
52.24693923226437
53.50744942603725
26.069522534373352
30.723228811660224
39.322156771469494
50.557197581396274
62.71791812402776
73.95295893395453
82.55188689376382
87.2055931710507
47.61982024412291
46.40061995940105
44.14783158122811
41.204421718603434
38.01849784103478
35.07508797841011
32.822299600237166
31.6030993155153
38.70940068448471
37.49020039976284
35.237412021589904
32.29400215896522
29.10807828139656
26.164668418771882
23.911880040598938
22.692679755877066
33.41940682894928
38.07311310623615
46.672041066045416
57.90708187597219
70.06780241860366
81.30284322853043
89.90177118833972
94.55547746562658
67.11755057396269
68.37806076773556
70.70717990483277
73.7503207101488
77.04419258221438
80.0873333875304
82.41645252462762
83.67696271840049
38.829879779953465
39.01618733281436
39.36043880249526
39.81022502338458
40.29707012067417
40.74685634156349
41.09110781124439
41.27741536410529
