60.57359755429415
60.17052214756911
62.1962913677101
67.45097939285162
71.78124405208439
69.84079711263176
61.69110888273887
54.09289851141969
66.88503267356296
70.1924125675736
68.60292902380147
58.25125970790133
47.7970760389167
50.1474595767726
66.52139144876213
82.53082419652881
56.72750464552606
48.332396026498486
42.72674460567649
47.99068519655967
58.4448688655443
61.18221405270533
52.003417145309946
41.08171312256021
56.38815829450745
65.77294140911333
76.44922504272837
80.1762447254677
75.84598006623493
68.80471929780673
64.25235467394357
62.86885733738192
57.431033301681545
56.0475359651199
51.49517134125675
44.45391057282854
40.12364591359577
43.850665596335084
54.526949229950134
63.91173234455602
49.493554070685136
38.5718500479354
29.393053140539998
32.13039832770103
42.58458199668567
47.84852258756886
42.24287116674686
33.84776254771928
50.08140861022579
66.09084135799247
82.46477322998201
84.81515676783792
74.3609730988533
64.00930378295315
62.41982023918101
65.72720013319164
48.79471084951678
41.196500478197606
33.04681224830474
31.10636530885211
35.436629968084866
40.69131799322636
42.71708721336737
42.31401180664233
