8.836667593096035
22.08628335938177
41.93939151671225
58.82715661022203
65.54958000950606
61.08323369094318
50.737067876894386
42.63257223110746
41.659556683505436
42.3647481857031
44.258392146316474
47.887461209838676
53.29008247879217
59.64375583986256
65.39057215016858
68.82036794991441
58.7203795718237
49.692701002158614
35.96796814966505
23.816404792043095
18.044218357009676
19.530171904298292
25.0918004158216
29.701638751067076
44.60477497739315
40.98541871271096
35.37984781742238
30.171818965001485
27.23633478965441
27.020296146847453
28.47446550922861
29.847099454160357
25.122458096347174
30.003254111212655
40.103916644530564
55.41707070763024
74.69355486081615
94.99869913352973
112.1591019245174
122.03188814899681
88.55257558480604
80.63743315784582
68.96839904820035
59.502735534926714
56.637746142182415
60.80959953381932
68.42692678819076
74.14930126614107
43.37584521242467
43.27967503879653
43.69259569854107
45.387006535918566
48.69556883066151
53.114583965587165
57.38067697502435
60.00911109894438
33.97800088677074
45.5859917635869
62.405772650033285
75.33030467105641
77.76295550473998
69.33337611369043
55.95388302875758
46.20776249350109
