44.99301027778899
51.102877922985485
59.743535611126944
65.85340325632345
65.85340325632345
59.743535611126944
51.102877922985485
44.99301027778899
49.00722064154043
47.36751555565052
45.04862238489287
43.408917299002965
43.408917299002965
45.04862238489287
47.36751555565052
49.00722064154043
40.38552450995566
49.70537028296485
62.88562257438001
72.2054683473892
72.2054683473892
62.88562257438002
49.70537028296484
40.38552450995566
54.00541374015572
55.5756867820785
57.796388214594565
59.36666125651735
59.36666125651735
57.796388214594565
55.5756867820785
54.00541374015572
36.25643353897955
37.82670658090233
40.047408013418384
41.617681055341166
41.617681055341166
40.047408013418384
37.82670658090233
36.25643353897955
55.43238337040894
64.75222914341813
77.9324814348333
87.2523272078425
87.2523272078425
77.9324814348333
64.75222914341813
55.43238337040895
38.953230983198836
37.31352589730893
34.99463272655128
33.35492764066137
33.35492764066137
34.99463272655128
37.31352589730893
38.953230983198836
48.523501948179614
54.633369593376116
63.27402728151756
69.38389492671406
69.38389492671406
63.27402728151757
54.63336959337611
48.52350194817962
