121.39755237239099
131.42474981424735
136.57924407119995
125.89868718598807
106.67471060387797
96.40578282504828
102.1424085469141
112.58123509515268
121.16026201447282
148.1092590454553
182.16113921830976
198.23757568251574
183.31386557411616
143.61601786879615
98.79114893745576
69.96586179891223
57.79495356754697
67.70088431726101
76.75737042149564
76.57398512285471
71.1526516041558
71.43785730189904
81.15703114842606
91.53155289452428
130.23364860501346
163.42067104835826
196.80651038218306
198.4107425309908
167.53662102758312
129.91923179200353
107.83732222576512
101.80272328472262
123.88704500852015
102.16914517166155
70.39172308994293
45.66216787884885
41.09564305951769
58.15141773179563
85.46737587937555
105.53480592588897
60.69857983567914
33.17090322250741
15.363568616035291
37.604064371742474
87.86081008525117
126.56469535991364
132.04010949377917
120.97582239956273
73.21238216345932
83.34560101261148
112.584249571057
155.9096215036257
183.59300675109026
165.6670135770746
108.28315088792239
57.165004630490245
34.92248035517656
52.584223811643454
74.18075718603022
85.14625180117396
82.21578737214806
73.06254609972298
66.2068903241076
63.74989789300569
