65.53477920118793
88.50596200379562
110.28531487380347
125.06950081336504
134.83090090005817
135.46810905265488
137.24061406974616
146.06481908538902
171.9282575895201
154.81109613957568
165.0492985978753
186.88133365915206
193.9292103153205
197.12706014281696
181.01254511973195
145.26119843600725
206.2774114636344
226.28811976998895
216.74657362250423
208.1626558262656
219.73719709519108
206.67209920772257
190.79320739978425
206.32273561490894
143.18978539518827
76.33557862987077
51.69945989206187
73.23242148447436
100.01549681497161
132.38672693543364
123.07823454263392
67.06229630536592
32.98541940659405
55.08587925696443
45.27186407544431
41.995113708212244
63.92118155471506
51.46732789460155
28.674928772989702
41.59828533047863
183.45138577268008
151.43598811451503
161.2028005970684
193.12680061748472
201.5927728169118
193.70111854817256
147.1600927402436
75.32904079292295
27.59244328123425
55.94406154595233
66.42149886463017
65.3692103255617
62.439672055819145
35.72473437014554
9.909705219271974
12.598674337384908
50.21898897426625
38.59832111004967
31.836971782258377
29.127799891954787
29.636011956995304
42.73498308882461
58.32972401886731
62.51719917678362
