28.308393073773978
35.149066799827544
44.760784140342096
51.397727390782315
51.0212825576464
43.68875995429836
33.544669225277694
26.41587709754301
62.93543758756592
62.09731834071822
59.294354582571515
53.1793939109252
43.42906233356693
31.527759446173675
20.541672049985642
13.917210587390993
46.16729084374575
42.04704358326723
35.688140679797584
29.83254568224042
26.626041170086932
26.55678838827671
28.381009122848376
30.047104078116803
35.95175911113129
36.56802438314233
40.73493367362201
52.10063368609821
71.96299917166128
97.29816503792574
121.22088239794066
135.80661352373994
91.98364929176257
84.67304986227072
74.19302304334097
66.42157878635233
65.5700485787764
71.76807017557601
81.04385142618148
87.70271785047788
43.95886364850402
41.89340259090853
39.331249520499306
38.43634724171946
40.59925783641783
45.490697773384944
51.11166834101706
54.832549499168515
59.89119822835705
62.088563355369246
64.89444336575653
66.10779023785436
64.2895615871887
59.71656624353958
54.33932261588554
50.75034552715079
62.42840821515923
67.10853108449601
72.7280709940698
74.14898306402752
68.1267467646554
55.57819298082486
41.44192482086344
32.15258183641197
