44.4646509113128
44.172087731133445
43.63150146286521
42.92519146542521
42.1606870332076
41.4543770357676
40.913790767499364
40.62122758732001
55.87670688843013
56.70985633687772
58.24931578276532
60.260716480691165
62.437840907788775
64.44924160571462
65.98870105160222
66.8218505000498
57.213924427002226
55.96702816129398
53.66306428318878
50.65279040764358
47.39449344400949
44.38421956846428
42.08025569035908
40.83335942465084
23.086172907380046
24.55698733703765
27.2746980324035
30.82555817621694
34.66898150020974
38.219841644023184
40.937552339389036
42.40836676904664
82.23862078893875
80.76780635928114
78.05009566391529
74.49923552010185
70.65581219610905
67.10495205229562
64.38724135692976
62.916426927272155
26.19659033066052
27.44348659636876
29.74745047447396
32.75772435001917
36.01602131365325
39.02629518919845
41.33025906730366
42.577155333011895
58.52527835390706
57.69212890545947
56.152669459571875
54.14126876164603
51.96414433454842
49.952743636622586
48.413284190734984
47.58013474228739
48.023055392368335
48.31561857254769
48.856204840815934
49.562514838255936
50.32701927047354
51.033329267913544
51.57391553618179
51.866478716361144
