49.864105797407525
53.612250563218474
57.988923528531856
58.72299189862814
53.15370491577579
42.12893603740187
29.876101888190753
21.865409405531505
49.767223067939966
50.068928388895735
49.57057862299821
46.85487600948179
41.279433145689765
33.69306066611905
26.3065435178056
21.737578972707087
12.221558588567671
17.351061567468744
27.88497570345259
43.712775054556715
63.480649156593024
84.17911837375142
101.60119989215123
111.60137273710657
83.52979391242638
79.90946367877531
75.76896117390199
75.34346438081447
81.24674683185302
92.5800872872357
105.06909189688687
113.20759891170599
40.00366156670799
37.46207473375619
35.314830126358196
37.49365028155932
46.21582508451479
60.1534824881861
74.63574499531262
83.85299541083101
69.13594632474346
66.67643786842802
63.18768733043062
60.69399234963058
60.63082388911249
63.00779877436675
66.40721561878527
68.81837702852414
59.93531885005314
61.39800971042515
63.044881499344115
63.13204592080543
60.59040447412999
55.80689902953702
50.56560343604006
47.157624430357785
17.662485554762345
24.510648559467693
34.615408327433514
42.833582773472614
45.36503383338169
41.82437103095058
35.29962368439191
30.388949440627066
