49.590885428750624
49.590885428750624
49.590885428750624
49.590885428750624
49.590885428750624
49.590885428750624
49.590885428750624
49.590885428750624
33.280661738863856
33.280661738863856
33.280661738863856
33.280661738863856
33.280661738863856
33.280661738863856
33.280661738863856
33.280661738863856
36.675507067935456
36.675507067935456
36.675507067935456
36.675507067935456
36.675507067935456
36.675507067935456
36.675507067935456
36.675507067935456
78.1891692527223
78.1891692527223
78.1891692527223
78.1891692527223
78.1891692527223
78.1891692527223
78.1891692527223
78.1891692527223
39.93199325852847
39.93199325852847
39.93199325852847
39.93199325852847
39.93199325852847
39.93199325852847
39.93199325852847
39.93199325852847
50.02462144127099
50.02462144127099
50.02462144127099
50.02462144127099
50.02462144127099
50.02462144127099
50.02462144127099
50.02462144127099
42.39420975192968
42.39420975192968
42.39420975192968
42.39420975192968
42.39420975192968
42.39420975192968
42.39420975192968
42.39420975192968
41.91295205999856
41.91295205999856
41.91295205999856
41.91295205999856
41.91295205999856
41.91295205999856
41.91295205999856
41.91295205999856
