29.35821741169416
30.04377348175411
31.310515924788636
32.96559468689457
34.75703902986762
36.41211779197355
37.67886023500808
38.36441630506803
18.95987386097579
27.24584762044256
42.55633074703647
62.56044097460874
84.21273385872227
104.21684408629453
119.52732721288845
127.81330097235522
100.36589896814105
98.27220758265378
94.40357034575999
89.34895220749289
83.8778729591761
78.823254820909
74.95461758401521
72.86092619852793
29.08704526769429
31.854273612366676
36.9674448712225
43.648125071113824
50.879241212124036
57.55992141201537
62.67309267087119
65.44032101554357
54.49071209805506
55.76922706164058
58.13161467537271
61.2182228401578
64.55914344308
67.64575160786508
70.00813922159722
71.28665418518273
50.20710089823057
50.09768711721344
49.89551681150064
49.63136857745857
49.34545658921041
49.08130835516833
48.879138049455534
48.7697242684384
56.61197180239479
54.96009913864689
51.90783644994373
47.91986306181018
43.6033117715208
39.61533838338726
36.56307569468409
34.91120303093619
37.33387075229871
37.03356730319532
36.478678882857
35.753682223204194
34.96895149355795
34.24395483390515
33.68906641356683
33.38876296446344
