31.515874186498014
31.515874186498014
31.515874186498014
31.515874186498014
31.515874186498014
31.515874186498014
31.515874186498014
31.515874186498014
45.151001053918584
45.151001053918584
45.151001053918584
45.151001053918584
45.151001053918584
45.151001053918584
45.151001053918584
45.151001053918584
69.95031387751644
69.95031387751644
69.95031387751644
69.95031387751644
69.95031387751644
69.95031387751644
69.95031387751644
69.95031387751644
40.50579407307332
40.50579407307332
40.50579407307332
40.50579407307332
40.50579407307332
40.50579407307332
40.50579407307332
40.50579407307332
28.007623597677384
28.007623597677384
28.007623597677384
28.007623597677384
28.007623597677384
28.007623597677384
28.007623597677384
28.007623597677384
47.88645785050341
47.88645785050341
47.88645785050341
47.88645785050341
47.88645785050341
47.88645785050341
47.88645785050341
47.88645785050341
40.76222721806149
40.76222721806149
40.76222721806149
40.76222721806149
40.76222721806149
40.76222721806149
40.76222721806149
40.76222721806149
50.22070814275124
50.22070814275124
50.22070814275124
50.22070814275124
50.22070814275124
50.22070814275124
50.22070814275124
50.22070814275124
