24.890841764894247
29.345638148053652
39.28127380663121
55.59530503692552
77.50831372995061
101.68424295411188
122.73828138160998
135.05497575863632
91.48318961613175
87.68744137240546
82.37805840528165
78.773512900384
79.12680949431181
83.38416198328113
89.19318178507785
93.25933153521852
75.51960134298724
69.44729184654783
59.93137218764421
50.83072163087347
45.23507698466621
43.99632442176244
45.598807531779336
47.388396029206895
82.05164035913532
77.53369634066713
70.88986958404298
65.54178924507491
64.00789733366676
66.52171498856566
70.99629100086203
74.3402449762608
67.88668787689768
61.708598797874316
51.99722395635694
42.6411988966899
36.76913888039413
35.27501181459406
36.68203974199719
38.365848656840804
64.88316995564382
58.871255697882866
49.4669318887316
40.512088336281174
35.07426405429822
33.98131849571477
35.695397455484006
37.545381191590025
48.14867066345433
43.99377422473189
38.02077192461746
33.5491659764583
32.96396310941776
36.35425515512557
41.49965562393165
45.20665717907618
48.57059593416436
43.399109109677745
35.54769270885279
28.62182046400369
25.38013889998546
26.316164649003326
29.58315101709888
32.27356218647924
