45.56556712923515
45.19546788457242
44.51161365028886
43.61811503440006
42.650999101589974
41.75750048570118
41.073646251417614
40.70354700675489
112.57446870937241
106.65630329754742
95.7209595095448
81.4332443079496
65.96833281374387
51.68061761214869
40.745273824146025
34.82710841232106
55.26170308457003
54.54611944083262
53.22389327633493
51.4963215386117
49.6264113642545
47.898839626531284
46.576613462033585
45.861029818296174
31.913068323544735
31.255566868015926
30.040662593297025
28.453313662079317
26.7351795597868
25.147830628569093
23.932926353850192
23.275424898321383
52.254852748161866
51.26351305267667
49.43175614382718
47.03845040606801
44.44795494260244
42.054649204843265
40.22289229599377
39.23155260050858
36.12989999580648
36.315833577208096
36.65939403773505
37.10827741165543
37.59414527442778
38.04302864834816
38.386589108875114
38.57252269027673
39.08523294744932
38.43651920556383
37.2378525083902
35.67171899463245
33.97654829472453
32.41041478096678
31.211748083793147
30.563034341907656
20.0902070618599
29.205676673582893
46.04886828058185
68.05555864460332
91.87542864886994
113.8821190128914
130.72531061989037
139.84078023161337
