73.66201489360564
73.66201489360564
73.66201489360564
73.66201489360564
73.66201489360564
73.66201489360564
73.66201489360564
73.66201489360564
70.4926227815954
70.4926227815954
70.4926227815954
70.4926227815954
70.4926227815954
70.4926227815954
70.4926227815954
70.4926227815954
64.6363497760174
64.6363497760174
64.6363497760174
64.6363497760174
64.6363497760174
64.6363497760174
64.6363497760174
64.6363497760174
56.98476035472392
56.98476035472392
56.98476035472392
56.98476035472392
56.98476035472392
56.98476035472392
56.98476035472392
56.98476035472392
48.702739645276054
48.702739645276054
48.702739645276054
48.702739645276054
48.702739645276054
48.702739645276054
48.702739645276054
48.702739645276054
41.05115022398258
41.05115022398258
41.05115022398258
41.05115022398258
41.05115022398258
41.05115022398258
41.05115022398258
41.05115022398258
35.19487721840457
35.19487721840457
35.19487721840457
35.19487721840457
35.19487721840457
35.19487721840457
35.19487721840457
35.19487721840457
32.025485106394314
32.025485106394314
32.025485106394314
32.025485106394314
32.025485106394314
32.025485106394314
32.025485106394314
32.025485106394314
