100.34222654693995
95.76516663723478
87.30786269792567
76.25786258812128
64.29742865603892
53.247428546234545
44.79012460692542
40.21306469722025
54.30471077735807
52.90722969672603
50.325021361790625
46.951203583768944
43.29940953563045
39.925591757608764
37.34338342267336
35.94590234204132
32.106035728358144
31.29665557207613
29.80111605125665
27.84709950084495
25.73208722743708
23.778070677025383
22.2825311562059
21.473150999923885
56.92953541557796
55.42345517050627
52.64058174502365
49.00458239134941
45.06900505066422
41.433005696989966
38.650132271507346
37.14405202643566
36.62478474425408
36.98078822507411
37.6385968839389
38.498065315586636
39.42834724239969
40.28781567404742
40.94562433291222
41.301627813732246
47.897128336269525
46.65077417019903
44.34781196161363
41.33884683036604
38.08196644135187
35.073001310104274
32.770039101518876
31.52368493544838
17.928705058661563
28.215775507231065
47.2238031811012
72.05898817512517
98.94039870547543
123.77558369949939
142.78361137336955
153.07068182193905
96.86687339258054
95.76015502095242
93.71520611734952
91.04335161483743
88.15135714100222
85.47950263849013
83.43455373488723
82.32783536325911
