54.182774919032724
50.16617682087543
46.28320787064198
46.6492961349899
51.521124924731716
57.68768430269157
62.00782026948151
63.79169328493615
80.1971139915986
86.29022411862047
90.56242649944345
87.38331225016309
80.93097051916537
80.36220874988275
88.32600701049276
97.02946961751235
62.20770590713419
74.76098300605578
86.27636692166604
85.5992906156253
76.66404730787636
72.70275285807529
79.57355093298786
88.8426098881491
70.39988325485393
74.71272452262916
82.36452378303089
90.40233465492868
94.36604660039258
91.41801165767949
83.53347877291874
76.86047422608308
169.10447979884037
154.120512866282
141.8101753471014
143.09852205730087
145.49687280600483
127.46319198110871
87.82738106924943
53.52138660159546
110.44591322235047
107.66109228603494
116.5845873892808
142.82501747851407
168.27542071661125
167.49219559989842
138.19847100600086
108.38999486373913
117.03549076028963
131.48179782036823
149.63252195853022
157.55615577432454
147.49333757497405
122.49874556106411
94.09606828159792
75.62414951197228
76.19908590864583
121.19468302129278
172.59799576814623
193.21362327140753
181.97973178749788
166.4870148274407
166.82541711942966
175.71266976875816
