42.03821578449731
44.245370327639314
48.32366014263572
53.65220257494254
59.41977534259851
64.74831777490535
68.82660758990176
71.03376213304375
68.76904322137366
66.88413131560284
63.401268254945855
58.85068836815544
53.925176191886045
49.374596305095636
45.89173324443864
44.00682133866783
59.34933097950133
58.11285499610733
55.828145289108356
52.843028200449936
49.611960746726524
46.62684365806811
44.34213395106913
43.10565796767513
37.276455472199935
37.734968910077534
38.582191271350524
39.68914063160492
40.88729398526294
41.99424334551735
42.84146570679034
43.29997914466794
35.04073655437644
34.58222311649884
33.73500075522585
32.62805139497144
31.429898041313425
30.322948681059025
29.475726319786034
29.01721288190844
28.525064771006228
29.761540754400233
32.04625046139921
35.03136755005763
38.26243500378104
41.24755209243946
43.532261799438444
44.768737782832446
41.10656102811867
42.99147293388948
46.47433599454648
51.024915881336895
55.95042805760629
60.501007944396704
63.9838710050537
65.86878291082452
83.39459218892624
81.18743764578424
77.10914783078785
71.78060539848101
66.01303263082505
60.68449019851823
56.60620038352182
54.39904584037982
