24.25094508869347
36.35688319382246
46.85961270882085
44.462436381474866
33.10320342935979
26.327774714487035
30.638720323552675
38.3664060411549
44.42560149142127
46.375740247589576
43.01540172971145
31.01306232715102
18.320820451311523
16.888517342210598
28.476467505318748
40.99664255494657
27.942888447125867
39.228421815207206
51.60606527078394
55.21801887304511
49.78459926473133
42.82651657353299
40.255871348123435
40.971368422745286
26.876361871414186
29.16722286998687
32.177733284681125
35.12975961635981
39.42244750568588
46.752726224891326
55.95502054551832
62.624133931617784
65.72800741432451
59.267429863269626
50.450459522228286
43.623630844228224
39.87587335273975
37.42729706226647
34.80211062715789
32.71978546362977
37.31549220301271
43.81392250234887
59.71416742740377
84.08821142278603
108.37253170734263
122.17653940926537
123.12849565333401
119.05688965921067
121.99640895104456
106.78304155130965
90.21872080944168
85.14908242083457
90.80367353279748
96.30407143764988
94.68803937676816
90.04470827049276
26.450076718172383
23.034590189376488
26.69154972161072
43.877548201753974
66.50510066839765
79.31284676101413
76.77802238731563
68.98428347099298
