64.67936506544653
64.67936506544653
64.67936506544653
64.67936506544653
64.67936506544653
64.67936506544653
64.67936506544653
64.67936506544653
38.39159114212302
38.39159114212302
38.39159114212302
38.39159114212302
38.39159114212302
38.39159114212302
38.39159114212302
38.39159114212302
35.19412991922092
35.19412991922092
35.19412991922092
35.19412991922092
35.19412991922092
35.19412991922092
35.19412991922092
35.19412991922092
39.645224570550454
39.645224570550454
39.645224570550454
39.645224570550454
39.645224570550454
39.645224570550454
39.645224570550454
39.645224570550454
35.06289458077211
35.06289458077211
35.06289458077211
35.06289458077211
35.06289458077211
35.06289458077211
35.06289458077211
35.06289458077211
48.6182122484702
48.6182122484702
48.6182122484702
48.6182122484702
48.6182122484702
48.6182122484702
48.6182122484702
48.6182122484702
58.296066690185796
58.296066690185796
58.296066690185796
58.296066690185796
58.296066690185796
58.296066690185796
58.296066690185796
58.296066690185796
41.11251578323085
41.11251578323085
41.11251578323085
41.11251578323085
41.11251578323085
41.11251578323085
41.11251578323085
41.11251578323085
