16.534676066072162
19.56810097692181
24.531800288511228
29.763105372189848
33.82425838536796
36.09698559623294
36.87662395475237
36.95147099278837
71.14315334989948
64.70514455604662
54.635634584035856
45.05050519309505
39.235384581106544
38.07557214704598
39.92125968274728
41.908567845774655
6.306668771102171
15.33242435838388
29.2764765214285
42.15040144423908
49.26089121770444
49.52543823056478
45.637137140270056
42.05351481760153
52.59572417558614
46.307214288124406
37.91179234990562
33.24733392589343
36.24818973954549
46.45750669605898
59.09677962467069
67.68204511773463
45.11166697008821
59.05012040555877
81.58079488152183
104.71385077052548
121.70326080332005
129.96254131179802
131.4585209209306
130.52319897587546
116.99264293336932
108.87080700575606
96.59698058791595
85.9053107667726
81.15687689440014
83.07458498320703
88.63311181870623
93.1206538010432
40.93667595060579
45.95632149877197
53.405037926070335
59.56593553290285
61.674694369779225
59.41027501973151
54.94379393931783
51.53812253060378
54.08648849714054
53.09652024852421
51.90863650855716
51.61067221296386
52.88932879019363
55.54994236741397
58.54611958051692
60.51472920471422
