61.42345439782273
60.163838153825495
57.83637082052992
54.79538820088634
51.503852332159404
48.462869712515825
46.13540237922025
44.87578613522302
29.93964347544645
30.235191184012315
30.78129214166154
31.494807428009548
32.26711080874202
32.980626095090024
33.526727052739254
33.82227476130512
35.87261497086283
37.3584336379433
40.103868549021016
43.69095212631382
47.57358341217249
51.1606669894653
53.906101900543014
55.39192056762349
29.42900555336807
30.270654219583164
31.825818172146263
33.85773779687597
36.05707175030445
38.08899137503416
39.64415532759726
40.485803993812354
48.59394607137116
47.752297405156064
46.197133452592965
44.165213827863255
41.965879874434776
39.933960249705066
38.37879629714197
37.537147630926874
69.70576592587034
68.21994725878986
65.47451234771215
61.88742877041934
58.00479748456067
54.41771390726786
51.672278996190144
50.186460329109664
36.66947562782034
36.37392791925448
35.82782696160525
35.11431167525724
34.34200829452476
33.628493008176754
33.082392050527524
32.78684434196166
32.74109397743797
34.000710221435206
36.32817755473078
39.36916017437436
42.6606960431013
45.701678662744875
48.02914599604045
49.288762240037684
