55.58875424153167
55.10060927212491
53.4486666862458
49.82380443552084
44.02790664455217
36.94334621207045
30.39865153583339
26.45080838466988
38.28250489974462
37.12541260645366
35.60687988057371
34.83418786295549
35.54446695692697
37.629583609127025
40.15260266277152
41.85331903929884
70.049179519055
63.997639831295864
55.097852408126464
47.93196440487809
45.872917203340236
49.23418207463767
55.22203701982588
59.69765020661255
71.54524317155293
87.6159215420565
111.94215158517656
133.2282633843812
142.86512778028532
139.38561952700587
128.68797381132381
119.99303212934328
120.23650065162906
107.87186236187927
90.39350147330902
78.05456189975845
78.10204693557503
90.52872741450857
108.07424228474044
120.47522404747474
27.492513620184326
35.07914537208996
46.81541307243027
57.687341156432424
63.75777723534917
64.10255244480551
60.951177776788214
58.01065665414805
67.92580196101599
67.54780219016047
66.22985463886953
63.296506575733964
58.574838604383594
52.78368187142974
47.424182540614325
44.1883740999405
44.87950193528627
41.66160682393925
36.46568025526857
31.143370280339475
27.254918639587448
25.392306846415092
25.08913236810234
25.330935438512057
