31.86436295333209
31.464794429100404
30.72648806635361
29.761844316056067
28.717721444673206
27.753077694375662
27.014771331628868
26.615202807397182
31.331521405529614
32.469396292508094
34.571914929784114
37.31898791421131
40.29239828618926
43.03947127061646
45.14198990789248
46.27986479487096
55.99999150915229
54.29704139610795
51.15039988744907
47.039114628492634
42.589091531021104
38.477806272064676
35.33116476340578
33.62821465036145
30.981326874278135
32.99009349595854
36.70181023068328
41.551401852386505
46.80056199832141
51.65015362002463
55.36187035474938
57.37063697642978
83.98742312572188
81.97865650404147
78.26693976931672
73.41734814761351
68.1681880016786
63.318596379975375
59.60687964525063
57.59811302357023
25.406258490847684
27.109208603892018
30.255850112550903
34.36713537150733
38.81715846897886
42.92844372793529
46.07508523659418
47.77803534963851
75.69972859447036
74.56185370749189
72.45933507021587
69.71226208578867
66.73885171381073
63.99177872938353
61.88926009210751
60.75138520512903
41.60438704666787
42.00395557089956
42.742261933646354
43.706905683943894
44.75102855532676
45.7156723056243
46.4539786683711
46.85354719260279
