44.98757541446609
46.201679012911754
47.230634268739294
46.2003489551135
42.05325899739732
35.420721248188954
28.526895129777913
24.13874629264101
72.98312177873348
66.5929729667441
57.71737636326254
51.8538355584773
52.82688027750224
60.48837328253813
70.74006292446028
77.87494792229204
107.65660427498126
116.2911419990421
129.3138285602398
140.59580351578776
145.48762965934634
143.24457080507315
137.13997112086716
132.24947503510688
90.2771081322457
88.5363965265959
86.53439655174341
86.29333767232269
89.0643345915983
94.42552814776013
100.34630954714623
104.20785037707898
75.78653499045609
71.92499416052333
66.00421276113723
60.643019204975374
57.87202228569977
58.113081165120505
60.115081139972986
61.85579274562281
75.62971879249565
80.52021487825596
86.6248145624619
88.86787341673511
83.97604727317656
72.69407231762864
59.67138575643087
51.036848032370045
44.60555515378947
37.47067015595771
27.21898051403557
19.557487508999674
18.58444278997473
24.447983594759958
33.32358019824152
39.7137290102309
27.82378146283201
32.21193029996891
39.10575641837994
45.7382941675883
49.88538412530448
50.91566943893029
49.88671418310274
48.672610584657086
