44.516685211285136
41.1654014490551
36.68173138491166
34.16473262467504
35.70629029992074
41.07171622884772
47.73547806450399
52.26661899143757
59.53091541399338
53.90972860130339
45.23182459895018
37.234795109021086
32.844810265085016
32.730205464319525
35.199733361766015
37.460971238239644
29.692138874945506
28.26518600046529
27.337215778264504
29.465962745726948
36.03603936117583
46.04721101780188
56.26667269540081
62.7221445100842
99.26137232667134
92.35438872249864
81.30064204290632
70.19942450052386
62.449490720371436
59.23069786715258
59.324383087359955
60.299824172350874
35.85101831239215
34.87557722740123
34.78189200719385
38.0006848604127
45.75061864056512
56.85183618294757
67.90558286253992
74.8125664667126
120.8577517641179
114.40227994943452
104.1828182718356
94.17164661520955
87.60156999976067
85.47282303229824
86.40079325449902
87.82774612897923
36.76897522507013
34.5077373485965
32.03820945115001
32.15281425191549
36.54279909585155
44.53982858578063
53.21773258813385
58.83891940082383
67.22070542777828
62.68956450084471
56.02580266518845
50.660376736261455
49.118819061015756
51.63581782125237
56.11948788539581
59.47077164762585
