68.58232787606906
62.502753837864624
54.729219617012554
51.33843036975764
56.30665684112943
68.87753158794666
83.67719906555375
93.55928902142146
114.18450911669586
126.13183093386262
143.36932419801627
156.43037714189683
158.48828392728007
149.22974690106284
134.9025733228977
124.5303051699667
91.59574134685265
93.1770105885294
95.07183427959161
95.53937239455456
93.48146560917135
89.21141157654509
84.4062681994943
81.24994529358183
103.93711722032504
91.99236762775614
74.27565891736671
59.6421245338483
54.67389806247651
60.12734694643258
70.81792240006702
78.96015607497262
73.33876842196781
73.82636871650183
73.69165782862093
71.49047333220544
66.52224686083365
59.54334585768683
52.651923488812706
48.3618072766154
48.4910404773691
52.9893509518282
59.00949391629273
62.394073264038035
60.33616647865481
53.1490712132462
44.218608562793094
38.14524442409828
42.84415595682381
40.12652118426437
36.62463394761457
35.020730301768914
37.07863708715214
42.485056650661086
48.89726357329946
53.18995201009463
43.15133958389652
45.378796159392664
49.35317729548443
54.26941866193008
59.23764513330187
63.50148926641854
66.55324138708178
68.12830072924895
