173.41189755424872
166.0761288366252
176.2446502189323
200.09723573593521
215.15223099925367
209.5693604047986
178.10986053964382
141.33863571056227
177.96024195494874
205.94784542111623
214.91132948581196
214.8577961786026
218.50056645126136
202.12798214098547
188.01284295208623
199.68139541518715
127.83091061363005
76.76783476005558
49.876333601755405
39.69232219256798
33.40822349043486
67.53863643402043
103.31719520416846
96.568543703367
38.744038122915384
58.93304616654925
43.64903180876156
36.59866874148272
60.06925716547231
51.163166066492366
33.254755958197016
51.588035970129766
136.2624650627006
113.12813559205846
143.97042201275076
191.06460471484027
200.49648040277853
194.54120766619124
150.3602347289996
74.17644981968066
17.810913129445606
51.833941034505095
54.22748701820667
46.50029776538157
52.117645046483865
35.38812332024206
25.050448627045988
50.07114405868878
54.095060348441834
33.501452485910825
34.59496902168393
41.17134521903215
36.86182352534257
46.201255500810795
51.20232299159456
33.37177090718357
63.12208351890082
57.391618586600075
48.4682379379621
54.53855983285386
72.38602868146322
73.22844766326708
56.91169581217036
45.953327966781686
