48.92392777727584
49.33740540972113
50.10141245325597
51.09963576124329
52.18010488395883
53.17832819194616
53.942335235480996
54.35581286792628
48.055348526803954
47.83317952087492
47.4226647262025
46.88630129894968
46.305745708769145
45.76938228151633
45.358867486843906
45.13669848091487
88.44979927979688
86.76035381275831
83.63866563617648
79.55998347676221
75.14524971994045
71.06656756052618
67.94487938394435
66.25543391690579
7.821756315776298
11.501075750619062
18.299571589463515
27.18223446936383
36.796759488394706
45.67942236829502
52.47791820713948
56.15723764198224
125.05324368422363
121.37392424938088
114.57542841053642
105.69276553063611
96.07824051160523
87.19557763170492
80.39708179286046
76.71776235801771
44.425200720203094
46.11464618724166
49.23633436382349
53.31501652323776
57.729750280059505
61.808432439473776
64.9301206160556
66.61956608309417
84.81965147319596
85.041820479125
85.45233527379742
85.98869870105024
86.56925429123079
87.10561771848361
87.51613251315604
87.73830151908507
83.95107222272408
83.5375945902788
82.77358754674395
81.77536423875665
80.69489511604111
79.6966718080538
78.93266476451895
78.51918713207367
