136.1476215702345
136.1476215702345
136.1476215702345
136.1476215702345
136.1476215702345
136.1476215702345
136.1476215702345
136.1476215702345
98.42525881985385
98.42525881985385
98.42525881985385
98.42525881985385
98.42525881985385
98.42525881985385
98.42525881985385
98.42525881985385
68.44628120711941
68.44628120711941
68.44628120711941
68.44628120711941
68.44628120711941
68.44628120711941
68.44628120711941
68.44628120711941
59.18011541871935
59.18011541871935
59.18011541871935
59.18011541871935
59.18011541871935
59.18011541871935
59.18011541871935
59.18011541871935
44.20162049639904
44.20162049639904
44.20162049639904
44.20162049639904
44.20162049639904
44.20162049639904
44.20162049639904
44.20162049639904
25.791136511687107
25.791136511687107
25.791136511687107
25.791136511687107
25.791136511687107
25.791136511687107
25.791136511687107
25.791136511687107
34.5873234613396
34.5873234613396
34.5873234613396
34.5873234613396
34.5873234613396
34.5873234613396
34.5873234613396
34.5873234613396
60.845642514647025
60.845642514647025
60.845642514647025
60.845642514647025
60.845642514647025
60.845642514647025
60.845642514647025
60.845642514647025
