49.29569942637945
47.6924452067564
45.244285451171464
43.05121473386727
41.96137595357706
42.14068718518689
43.04758215688527
43.81670988617625
81.48205280636019
82.52429975001998
82.98561030633678
80.72462325642819
74.62104270092148
65.60408345029705
56.511006493345946
50.79728123628992
41.725252248809085
37.60203168053031
32.17510862430659
29.370349313260252
31.80654805319255
39.11281567014536
47.9850440250176
53.97285038473796
82.52493318667031
91.38297868848616
105.16511393211574
118.11682795436008
125.68094107217934
126.70588563224172
123.62102174715636
120.55229778679029
88.64652691193257
82.60738063678474
74.0338919926161
67.88760271435676
67.68962825910369
73.47010844302628
81.7636189275726
87.6512421146067
89.66765290259082
94.95849976151852
102.54291488084746
108.16657341856182
108.78152921498526
104.29416082470048
97.57942453293347
92.75924446386205
65.25004204223981
63.04016880793111
60.42136618850907
59.86345401174967
62.91588003090064
69.11394005485704
76.0495249487029
80.59562391511
158.9078404750175
157.69219546797254
154.93170862409653
150.31935459741575
144.0430547151398
137.05831873954497
130.94277716838562
127.35475021242662
