86.79237685466664
86.79237685466664
86.79237685466664
86.79237685466664
86.79237685466664
86.79237685466664
86.79237685466664
86.79237685466664
73.86225035608564
73.86225035608564
73.86225035608564
73.86225035608564
73.86225035608564
73.86225035608564
73.86225035608564
73.86225035608564
54.2009104826968
54.2009104826968
54.2009104826968
54.2009104826968
54.2009104826968
54.2009104826968
54.2009104826968
54.2009104826968
36.78433332478563
36.78433332478563
36.78433332478563
36.78433332478563
36.78433332478563
36.78433332478563
36.78433332478563
36.78433332478563
28.49445344923185
28.49445344923185
28.49445344923185
28.49445344923185
28.49445344923185
28.49445344923185
28.49445344923185
28.49445344923185
30.593329919140295
30.593329919140295
30.593329919140295
30.593329919140295
30.593329919140295
30.593329919140295
30.593329919140295
30.593329919140295
38.53100924207719
38.53100924207719
38.53100924207719
38.53100924207719
38.53100924207719
38.53100924207719
38.53100924207719
38.53100924207719
45.116336371315796
45.116336371315796
45.116336371315796
45.116336371315796
45.116336371315796
45.116336371315796
45.116336371315796
45.116336371315796
