82.46263682226754
83.74124004368029
85.17585871132695
85.23579108278938
82.9839809725149
78.76324605708335
74.14408699159766
71.14202292611643
54.84680400494189
47.070043070496084
35.34298939409286
25.18807788340022
20.793828598151443
22.829226158056716
28.341872898812852
32.75542103496497
73.41451003187098
89.5384421031486
115.37676285980804
141.40286084959533
159.69967768887915
167.4816888749362
167.5189746406483
165.39881990819566
139.94883137478507
124.730095674527
101.27456814292017
79.7504879503496
68.09973050658903
68.09601801807177
75.07488636079313
81.37651836458838
66.58626573356756
72.88789773736282
79.86676608008416
79.86305359156691
68.21229614780633
46.688215955235755
23.232688423628893
8.013952723370824
45.05911433107494
42.93895959862232
42.976245364334446
50.758256550391486
69.05507338967527
95.08117137946253
120.91949213612199
137.0434242073996
133.16164472576432
137.57519286191643
143.08783960267255
145.12323716257782
140.72898787732908
130.57407636663643
118.8470226902332
111.07026175578741
95.27019297572761
92.26812891024638
87.64896984476071
83.42823492932916
81.17642481905469
81.23635719051713
82.6709758581638
83.94957907957655
