92.16239680763275
68.38758774475068
59.58029697774578
76.66821432038016
90.4419326608004
87.81297974797475
87.37694942171578
95.15776066375392
83.09663433855758
95.21522702261319
101.11050268240005
91.80379485006421
79.43645432825119
78.21904070164794
87.04765210970028
95.22531378621416
56.99247329743692
83.7541283949677
94.13285190709568
77.32073627975407
66.8842670736196
75.28135519332272
78.54543980827539
70.03627233898894
116.93986780946223
112.99622504997753
107.4094750904523
112.43055342094439
131.47316851948455
139.3099107746578
113.48021037420745
78.09304863403887
99.20360681450546
117.88762115611726
147.59831440099578
164.5898890325937
151.5301601783276
127.03024118380091
122.28800196979088
133.73970559064304
179.0573852539634
153.39954833557312
147.10082385787734
166.46979416022364
164.84897363775283
120.3329104916109
66.45294201127679
37.390097958260235
84.27944952425635
135.3252345880581
194.59537262405232
216.25537151340285
195.77815045963212
170.67302544180652
172.31394482972155
188.62483119962153
187.49244234455207
200.30129752773533
207.93012436417845
208.79704317128042
209.61658099888916
191.52454036000756
136.08622385589118
78.66362903271065
