127.11530895665018
171.04552509335596
215.10285564130123
220.91239035613387
195.8558862823736
178.48133573715964
189.7514184791328
210.49754935579202
123.52324174372374
88.88992788668699
48.291690005717335
30.181251012986447
37.140203002783196
50.06838616146171
53.36538868438924
49.77069697876188
55.02577927145955
54.8280632281295
50.697111804019556
41.69033467524995
33.59523999142486
33.90640895688915
42.9530232727062
52.07325332361004
117.68403555317396
97.57245662360758
94.98679366320107
132.80606386946627
182.28116029886954
191.81995492161298
149.23965984062872
100.84760532754055
44.49643047686927
46.33121311328536
46.24285949259598
41.92522084737078
36.223652599819204
34.343213035042375
37.7015794081263
41.97356112499076
61.95851159561612
56.773723552504144
45.47064700447188
30.775795665687518
20.70600436290658
22.536483432961745
34.60375327180686
45.9442956375344
49.04966092358018
57.807759453796145
67.287527210754
70.18469666149137
67.2420094945188
64.94383329692019
67.07627277678525
70.63902565866525
74.27203147892678
79.87633104863407
85.04551517793875
84.64924691161359
80.08084396730409
77.02538445795211
78.43390426642445
81.37901259310493
