92.40212079889636
87.50998381987526
87.18838590965893
93.64602093282238
98.73575430296913
98.41236867769962
97.38609604790489
98.27841917182747
96.69798751983683
103.81112138393692
95.49751151017284
71.63760752872057
59.634751337607405
70.6294423302608
86.30494494611496
92.4892120682213
77.27362483149591
56.97847532278624
56.55055606889045
85.14265317011055
107.78623744354296
107.09587955208976
103.12452449313538
107.10065500418673
105.7027248904678
136.52790369734342
150.42068559264777
135.4874703934338
130.78074010537665
153.45821937607246
175.8719571167271
181.13689277456962
172.65617057101352
155.83945296973152
158.89623510518888
178.5041298011719
165.96428032580664
106.7445974598431
42.99094868244537
10.517591138159675
106.90744849842446
151.34312307942292
187.44221922115412
187.98576761850902
174.57196239362634
163.18108269161777
144.53413957090277
123.48165104010344
173.33651048951265
177.293496053491
197.12732230247863
218.56812121053548
205.6461405489256
151.01546139084
88.57070008270453
52.23966929663985
59.80017114877371
97.90696860590754
150.66655935731274
195.25147059627423
223.10337479372322
233.25242358908088
228.42721399255976
219.5326682547131
