65.8711638585678
57.27763975627298
49.404780517537006
49.57861033584271
54.45651166930642
54.63034148761213
46.75748224887615
38.16395814658134
27.6874882037652
47.678764347206666
64.27508533064707
59.38015203633279
42.16541279266522
37.27047949835094
53.86680048179134
73.85807662523281
122.48892331339525
101.83349937383622
87.32018295312261
99.26166409889875
126.04259599269508
137.98407713847124
123.47076071775764
102.8153367781986
31.481115395905327
46.389634532993554
56.5044604431373
46.943425208211636
26.38289824843256
16.8218630135069
26.93668892365062
41.84520806073886
61.51577131972378
54.68119176913921
48.154570407179925
47.59982153670499
50.57385500665074
50.0191061361758
43.492484774216514
36.65790522363194
58.87979580808844
56.65728088268446
56.25190224199137
60.5582224801152
67.38751742829078
71.69383766641461
71.28845902572151
69.06594410031752
60.86774184757754
68.54254195305052
75.7122402867866
75.91895840804212
72.03547676295979
72.24219488421531
79.41189321795139
87.08669332342437
101.83300025297636
97.56444738481609
93.00177781959789
91.38414589585156
91.5807320989991
89.96310017525278
85.40043061003458
81.1318777418743
