82.27451417830602
80.76010269900412
83.46632473694142
83.94394992312219
72.77430102376235
61.89417393004435
70.1404711823592
87.8186614876959
60.83155579136161
47.55326597443568
57.20720378060187
86.2164982821815
96.97069270493012
96.49621312295535
124.69022363335901
167.11533016570328
168.3964069700541
142.10520223364404
121.20018332635946
137.25210477948153
184.17744967670947
219.71512550420212
215.21710980381218
192.64315714612076
216.92519727293495
190.78324934331633
182.7731561776041
182.1941554261735
137.31376130894327
66.5840386838326
41.48670805643535
61.330479038692275
158.88596427253964
173.2565790560798
189.27985977734838
200.06027533282753
202.8537954986008
185.61570045739595
143.18001558919937
102.89567899049999
144.86258315666194
161.7413114178792
198.79370445778528
210.95384556708058
150.86236558413236
62.784781738271114
32.51569650377771
54.42520210549024
34.82967531644324
52.08332895339362
88.65375599130844
137.59489155332273
180.84157820801488
203.14624525644282
205.09664830177155
200.02666299231097
66.87467668584492
43.46974714432039
37.373024929977696
57.40370549166388
69.82548235076015
62.51093448478243
59.425913751358806
67.625401717633
