29.859268344357673
31.713902465053835
35.14081947387033
39.618302321294905
44.464694832290235
48.9421776797148
52.369094688531305
54.22372880922747
59.34550391743106
69.377169823506
87.91327143873383
112.1318553223757
138.34586162015674
162.5644455037986
181.1005471190265
191.1322130251014
53.539029257506684
52.53707506750541
50.68570513019322
48.266773735815605
45.64854126149888
43.22960986712126
41.37823992980906
40.3762857398078
24.083654309173028
27.40380025761648
33.53863003105084
41.554171408841114
50.23013087728226
58.24567225507252
64.3805020285069
67.70064797695035
47.3365464105027
49.94691552635379
54.77024872322261
61.07223724551019
67.89346046836644
74.19544899065401
79.01878218752285
81.62915130337393
77.9115151061558
78.10270344296931
78.45597342544306
78.9175429011458
79.4171421015395
79.87871157724223
80.23198155971598
80.42316989652949
95.48317791836395
94.17435706037169
91.75597145552584
88.59619838944411
85.17608466802326
82.01631160194154
79.59792599709569
78.28910513910343
82.62475713542422
82.7516871453284
82.98622322175228
83.29265937313514
83.62434347327957
83.93077962466242
84.1653157010863
84.29224571099049
