72.42554277573402
57.35012577890804
50.53345928201768
69.93065104157965
105.64974105555405
130.83939876501586
132.2145161740583
122.93156512713215
123.0494303383532
122.72290179140919
135.037214380688
166.03745688139105
201.3664008773077
218.38239352217815
210.91999030572455
196.6092119029479
195.0454181389561
210.57369971090841
204.27869220068186
152.3073735563215
81.35126868497952
43.364199896451765
56.84590819195765
86.35843961974257
207.63922735253283
206.76193150940912
206.1760397189698
205.94828664713046
203.90882125573583
197.88860223399664
189.11092653762455
182.441164744601
183.84337212108034
201.62236983673645
204.283925120055
167.50188326893175
107.60522463393441
65.03071683291131
59.50048821029699
71.4870199760533
65.34805600312743
45.59410517944081
39.10788156506404
71.8157351211134
130.59290712018762
177.2850105320696
190.57550272342533
184.8058017555713
34.58975767136925
46.43503277399862
60.37780100960903
66.248069735851
62.15578802284791
54.04180689325728
48.20785932313521
46.06888456993199
49.93419559884658
40.81483341918908
32.079986722914356
32.085543747680916
39.24484834945277
45.04287132411919
44.499808533777205
41.17291230401957
