56.51428181359271
58.70480699452196
63.44951765043554
70.55964849405831
78.66397844457009
85.77410928819286
90.51881994410644
92.7093451250357
64.24651342603433
89.41079825764594
112.54940322464421
112.26153411431692
98.2666021821951
97.9787330718678
121.11733803886605
146.28162287047766
225.88770403621749
227.93055064864538
226.75803380742914
218.76223164900384
207.20963205448393
199.21382989605863
198.0413130548424
200.08415966727028
208.19844014050958
203.32632642677473
199.34098286501867
200.68910126994336
205.08727179142835
206.43539019635304
202.45004663459702
197.57793292086214
185.03211049855724
191.91225745880385
183.60414852586143
145.28386954343162
91.49250351794002
53.172224535510225
44.86411560256774
51.7442625628144
52.866019640494144
63.91393797053142
73.27122027346005
71.05094302289307
62.17092068059485
59.95064343002787
69.30792573295648
80.35584406299377
119.06610353220509
112.54897879366666
107.86201879676418
111.3481330286011
119.430003267911
122.91611749974794
118.22915750284545
111.71203276430703
106.30105457784086
119.5328871739253
127.28116377570285
115.58391656618679
93.13971037244136
81.4424631629253
89.19073976470283
102.42257236078729
