62.25638933339904
76.46412406490988
101.3708998487296
131.2817859307603
160.2974261881048
184.0004524190164
200.1279886080721
208.1278634884638
68.96161489669511
61.88697953100575
51.19040301779163
41.86001170816188
37.69191821426746
39.32067698669219
44.12267915160177
48.007193867966905
25.483716688884563
29.016377298281277
35.07133776897062
42.05850543549464
48.44160216548606
53.24885934471963
56.22096083952351
57.57371096162979
44.11290154197833
51.4032289124825
62.86002271639943
73.89089964373792
80.8025339955447
82.5426920958786
80.8604253304506
78.86003387395017
92.79924669118277
87.38724540927504
79.40114566263061
72.90494905294086
70.90161730777652
73.69613952509135
78.84910034779186
82.7278178928887
97.5249976771907
96.1223834742389
94.00323555997693
92.15845481637633
91.34143758264283
91.67656732633267
92.64027838795617
93.41757467229482
86.04873270698269
89.88667287554306
94.60261649754705
96.11893436500013
91.82913571257058
82.38630349796915
71.60366844184945
64.48245852835532
48.64120205393857
51.10041036852521
56.99012968434703
67.3168035475048
81.85398433362991
98.38851804790677
113.05747695849267
121.72454512419839
