138.62695126055394
175.26368547014766
215.5649230044421
228.5686554046381
215.2301496677374
200.79333374072849
202.2877756717353
211.48396155412408
176.30431646333503
195.1087745030268
195.5723195706143
151.5418959827225
84.26160372494323
41.342092840525424
43.376705719978325
63.29207646314413
103.91199303025795
109.84636899036407
116.26629815252988
121.04113960707453
130.39557192374104
151.7048695377994
181.50805084721304
203.97688296683296
207.5824334052064
205.54945544676457
186.134608572851
141.68692610594985
88.46192296090241
53.809419958218484
48.24704872847919
56.00925023425455
44.57083218471121
56.14012044136176
68.18753546951564
73.11592981209388
77.04238654844508
91.76596035524048
117.66585102756872
139.03031874843643
72.6281322956998
55.344064729359474
36.884093433181285
32.69890312910053
42.912220873808515
55.26148672924156
60.18476758031116
59.43515617348462
42.863705857751164
48.47918944130331
51.544799377350124
46.15489997393272
36.49870709958825
32.21972039964483
36.856398147557094
43.58279443458323
65.43101715154647
80.6739031141197
113.26023898131946
157.75328037904637
197.135806806275
214.18829987679698
207.9678401407092
195.77017777607753
