104.2460239579185
91.59020379618686
71.69551868315654
52.52667240243584
40.492169350345065
37.4241535235232
40.29948120386635
43.74449149603351
29.173599444381207
33.40720982827697
40.694844408044446
49.17034147118378
57.0083260355546
63.01553600273845
66.81248549557517
68.57780878351544
93.66152157077377
85.97318088881664
74.31273725291351
64.05563236405985
59.30917501486127
60.79597030999025
65.7439095894313
69.7994690914568
103.53097653273284
92.77053486536998
77.10091381528558
64.86586967218791
62.141159580344166
69.34159595167907
81.15789503634323
89.83293388341295
96.47484895831072
96.44370164905587
96.24230124054493
95.6978777715466
94.7494670945206
93.54145613767993
92.40160130404124
91.70686650694405
86.88301390928423
83.48842061662049
78.73950743281885
75.51377566406765
75.82579107561054
79.62805214946691
84.81822175994193
88.45162130988577
71.4151680948489
66.69166490409124
62.56806134850301
66.18359128173908
81.59211533012201
106.44782538590378
132.36237262686717
148.87904955865523
217.9560992945509
215.43254916120262
211.34865010911213
207.14498760997785
204.04054475584027
202.50794482939736
202.20149869355427
202.34901113289735
