203.34273598464296
203.56742046989262
182.08217839835882
128.30270165737656
65.82304725903013
32.70873624042304
40.44845180215977
61.338302009784606
19.379585007482884
46.96026899198276
73.27313218628197
74.77138891821444
59.96612585291386
56.665974668424084
76.19286430952056
98.97514037759822
162.28300903297875
172.30062316670623
170.33633194341073
139.73113973354478
90.81878533114623
51.05915963961398
36.14854443070352
37.01172508276468
36.17384349352136
53.478199556472305
70.3542342594484
70.53770608270614
55.59175931613679
40.565233144046246
35.93108239833317
38.02544046593583
68.70033719270738
68.2375636494331
64.6181806549616
57.44340437797328
51.49169325999584
52.60610418490321
60.70940215240212
68.53581581102353
44.41752972849262
43.96477031837404
44.46667044223079
46.359177341114716
47.68363522405821
45.93539614039132
41.288503918569354
37.19499852589997
70.24331081719781
89.55402693765693
125.43379064527662
167.9982659337205
200.71660697001826
210.76349543049588
200.65644683036103
187.44957612285393
157.36112913114735
122.38271163692444
75.65211693570217
43.099634301612326
33.41492844043809
37.22926508603122
41.92911943050798
43.31752121596804
