34.041497805712204
38.001859429407844
44.587904478839455
51.76211787910773
57.70054163290872
61.49910455567161
63.311258917983906
63.89597006417417
50.473336811496175
57.38108022662308
67.78673444184032
76.77114681274946
80.60833070084703
78.71410964332875
73.73505292397863
69.76416291067812
85.27616739624703
84.44421203989103
83.90607037574155
85.15662646807141
89.00460587539399
94.86418861496463
100.8441949446821
104.62126623556689
129.6915394958476
119.93810996136236
104.73327762167149
90.3758998805244
81.86891284677057
80.5074281802695
83.68156408189363
86.92402762205441
75.23184418310005
78.0282806469752
82.63639611068061
87.56406551863304
91.50207051072661
93.85088552501921
94.81195012982546
95.02953220004078
89.49912434431894
76.64333669070305
62.272081115698185
61.84301852739982
84.80461241538353
127.66116825757068
174.50502132266536
204.93485209953496
219.29901121799912
215.60438866163284
210.02881549396986
205.19058499806764
203.07747306095828
204.0111818196593
206.5983634270498
208.67568012528676
206.4060798864071
177.0893825806307
130.6680701243321
85.16793877431795
55.26485181588268
45.511283166289815
49.64324448914725
56.07310988379214
