61.00639590640203
59.270469507808144
56.76353451872692
54.85810188858539
54.5448952126654
55.8715973681502
57.93559122831958
59.43179961535203
87.43732471538578
88.7787948908812
89.26225821611406
85.99240167430082
77.47178093061297
64.99758325365757
52.46414251286378
44.60127155321705
53.945754028810285
47.7409383458178
39.26203709553213
34.02287374026605
35.80716658248263
44.343273211609315
55.34554559860293
62.91599990000322
22.56823114587032
34.29073546366613
52.42875022338421
69.23957357261656
78.64156118868031
79.20334568625972
74.36174932644286
69.83521479258573
62.79364233604406
53.821618880156365
40.765830066200095
30.595254916833955
28.380620160310997
34.459083862597794
44.382906168176476
51.659921563941715
100.24296503388057
114.29650692897899
137.27796318656374
161.46562781044926
180.19104494861685
190.60343958810958
194.10372220841506
194.38199411912075
160.83231718679505
146.07263572128488
120.79555084853907
91.67097971121092
65.12812460206011
45.20789459987413
32.947713793154875
27.392373462786875
42.79836964681172
47.353300261406275
55.06907584493958
63.780186685736865
71.4598063745705
76.93878242974145
80.08362916402416
81.40642499299237
