87.59891607453764
82.059737082749
73.53340435586054
65.73449163345579
61.559048148172636
61.64274732015595
64.26411124123457
66.60754414383399
91.21724219279196
89.79005426360122
88.08108420113147
87.6630803499057
89.52780937824193
93.3913831953867
97.73747833988033
100.5918680790601
101.23217151368439
102.02453777860526
102.26803653507825
100.19940371585116
94.91296672309548
87.21353766728761
79.4938880190287
74.6554580473688
69.54415123783528
75.23409420716193
83.62579574505337
90.44081597764085
92.51968768968186
89.54592150803715
84.09418853974789
79.99534509484234
90.69196964791047
74.97875840066538
55.633637232041494
49.30419250344179
66.64313215232413
105.01075979502546
148.8768445722674
177.86070569632335
215.6236807089872
215.79941179987
215.76490284109533
215.01739700104022
213.3114775927361
210.90685538189933
208.5288299771348
207.0474446972359
162.7450824242232
132.5177258253577
87.09269515806298
48.13273443798271
31.996986011754657
41.14197130634828
63.74760771023099
81.62519712603937
50.45993098942111
51.610214355698794
54.23591021796682
58.64473959129
64.66574751460143
71.38229011214968
77.27158531418453
80.72958190468728
