46.943164970935975
56.858551248291064
64.11621140186097
59.14353131152906
47.28024328457559
42.307563194243684
49.56522334781358
59.480609625168675
66.65196495095232
62.4138245727966
57.17864584124586
53.73024053112509
51.51834690956826
48.06994159944749
42.83476286789674
38.596622489741016
36.14253316040737
27.268153604149447
23.92082632619603
36.59848610317168
57.96542645613489
70.64308623311054
67.29575895515714
58.421379398899205
54.269241152201836
45.710721961560886
37.289091515013176
35.944403728219896
38.81932167567548
37.47463388888221
29.0530034423345
20.494484251693542
97.043841993122
109.38184017262297
124.78703718189915
135.25619440230247
142.25753100159272
152.72668822199603
168.1318852312722
180.4698834107732
148.24702165747064
153.34192222486854
149.7056829400935
127.90355372950782
96.66035882979877
74.8582296192131
71.22199033443802
76.31689090183593
94.29726474831251
94.75592613760821
93.00753830643048
87.33147418294121
79.66711325775216
73.9910491342629
72.24266130308516
72.70132269238086
47.77996736659719
41.644060078102115
41.36996648726068
55.467116011202606
77.2066585849019
91.30380810884382
91.02971451800241
84.89380722950733
