92.03897611653082
90.44774188517329
88.58109052185782
88.24145453145998
90.55410652695957
95.16696620628431
100.30420138668453
103.66546282504956
99.42131804013734
100.25550746990568
100.75786938811513
99.38252875533864
95.29984955283153
89.13138267959638
82.85524046238281
78.8963036516925
65.76175515671727
72.33863262157936
81.77447722891846
88.79085754931786
89.60295293474026
84.08712922441805
75.79976092508389
69.84443435922438
102.8219441677362
88.53696392442325
68.90918928010083
56.497358176750154
59.95848648025468
78.76564878161204
103.28819801386399
120.22221117525906
179.3030558322638
193.58803607557675
213.21581071989917
225.62764182324986
222.1665135197453
203.35935121838796
178.836801986136
161.90278882474095
74.36324484328264
67.78636737842055
58.35052277108146
51.33414245068205
50.52204706525967
56.03787077558186
64.32523907491603
70.28056564077552
59.20368195986268
58.36949253009433
57.86713061188488
59.24247124466137
63.325150447168475
69.49361732040363
75.76975953761722
79.72869634830755
59.71102388346909
61.302258114826614
63.168909478142076
63.50854546853991
61.195893473040314
56.583033793715586
51.44579861331538
48.084537174950356
