52.8639193813931
53.602117996572794
52.76450667564704
48.793553705389655
43.20574340751695
39.23479043725956
38.39717911633381
39.1353777315135
36.93902211850427
31.45062452637763
27.579084261866313
30.712425911197943
37.77663343943002
40.909975088761655
37.03843482425034
31.5500372321237
23.36186276605313
33.559411943616844
43.01876250600087
43.11817521174694
37.72919032536636
37.82860303111242
47.28795359349644
57.48550277106016
116.53381694498088
107.17387908834293
100.94728288103659
107.27329179408899
120.60418262098432
126.93019153403672
120.70359532673041
111.34365747009244
120.96618305501912
130.32612091165709
136.5527171189634
130.226708205911
116.89581737901568
110.56980846596328
116.79640467326959
126.15634252990756
84.88813723394681
74.6905880563831
65.23123749399907
65.13182478825301
70.52080967463358
70.42139696888752
60.9620464065035
50.76449722893979
72.56097788149576
78.04937547362238
81.9209157381337
78.78757408880207
71.72336656057
68.59002491123836
72.46156517574967
77.9499627678763
87.51108061860678
86.77288200342711
87.61049332435284
91.58144629461023
97.16925659248295
101.14020956274034
101.9778208836661
101.2396222684864
