115.4546399953634
98.62698377715336
117.06771763652716
150.7858646023021
167.82203640425357
180.96244167236935
170.30185413990324
132.8964562240341
119.47610939289832
105.96801084254274
88.16250788477917
86.92098305060844
100.39967719722708
102.19374468253945
88.6812175528245
78.20871132195202
139.5161606691816
176.2587227471636
184.8947546801363
176.9289976630504
170.6997846291833
138.5342376803517
112.9465984852697
125.48937063150599
153.08347658546637
118.55313408953933
57.755447885357576
24.393324888315615
38.13889965640101
56.440576146567516
68.70653586092017
85.8399928522016
54.8331413614197
30.707862678923068
23.745252409181127
34.458676208582425
57.71928608098481
107.84665202920232
156.62377329290493
171.91243675922448
112.29652372233966
92.48334494998832
120.82719357718123
174.70570226858743
204.9632650875247
213.01649160431566
176.55360468059365
110.91514373362703
47.10969238714434
41.64983479935677
45.66871402279041
56.92565108750767
67.4753067259592
77.46625825237996
79.69476355778643
72.96892043170234
55.927614248034764
71.0496582612586
65.38810299546586
65.97126580548779
85.94127864402411
84.27990684085488
75.4441002838714
88.32160968390413
