86.21469878726816
93.32665108273913
101.71244912743178
104.84943516983779
100.72851975670429
92.44451397898122
84.6785904958951
80.369550971237
96.020680852568
84.39813764144503
71.38636506483114
66.72384935386287
70.40351386557288
74.83849103967306
74.69251628471571
72.16746595866118
134.51805818080712
135.3802110911911
128.5444377940664
109.43524119741878
86.27302141870487
73.10017425270036
74.65966683137697
81.45816917240401
141.33416997494703
159.797526552983
190.61445775050424
216.99196488271866
215.40794692202604
173.69890233514985
108.22690867631579
58.60371353526107
40.96630893402062
55.26293210589157
68.94237808309933
69.3449030205603
59.87941844674443
54.39161249181728
59.74087263414452
68.14716491362736
50.89969952264912
52.95526222923472
62.0840780323681
78.13104256575375
90.24375980995916
86.06202056709769
66.58312914063454
48.409988070973036
79.31566677521998
81.42080430474215
79.13970219717204
68.304864546308
53.57569750008952
44.221255215693695
44.03374831305723
47.61928120904762
71.74710318917647
67.37409215484936
61.02851149755228
54.65051903605862
47.72193191468363
38.83012563936639
28.929475393279137
22.04265054512844
