32.0622441032668
32.0622441032668
32.0622441032668
32.0622441032668
32.0622441032668
32.0622441032668
32.0622441032668
32.0622441032668
42.00636048261615
42.00636048261615
42.00636048261615
42.00636048261615
42.00636048261615
42.00636048261615
42.00636048261615
42.00636048261615
90.93113951738377
90.93113951738377
90.93113951738377
90.93113951738377
90.93113951738377
90.93113951738377
90.93113951738377
90.93113951738377
124.87525589673326
124.87525589673326
124.87525589673326
124.87525589673326
124.87525589673326
124.87525589673326
124.87525589673326
124.87525589673326
59.000255896733194
59.000255896733194
59.000255896733194
59.000255896733194
59.000255896733194
59.000255896733194
59.000255896733194
59.000255896733194
74.93113951738381
74.93113951738381
74.93113951738381
74.93113951738381
74.93113951738381
74.93113951738381
74.93113951738381
74.93113951738381
98.3813604826162
98.3813604826162
98.3813604826162
98.3813604826162
98.3813604826162
98.3813604826162
98.3813604826162
98.3813604826162
90.31224410326675
90.31224410326675
90.31224410326675
90.31224410326675
90.31224410326675
90.31224410326675
90.31224410326675
90.31224410326675
