82.01655132086884
84.9947148150293
88.6758488834331
89.92312770854578
86.72486987080414
79.56798113372486
71.36382745522074
65.93782338718924
131.4430506629774
151.49271547769686
177.07822669035815
188.09550009906988
171.4058169997871
129.55003035202162
80.36174294864554
47.53834770688779
87.78705889254309
115.08786379195548
152.0176008501417
173.84014618567653
163.71764241597515
123.19114897924935
71.94602980477856
36.89779593193037
38.799758945435215
49.048338516050684
63.9074379190496
75.34800484965828
77.55051029947805
70.17964277953548
58.43535645487233
49.872501574936564
77.08326796250087
70.4168116894916
60.50671998921226
52.26701814749269
49.36003938640163
52.22834487048711
58.02734778130097
62.46889883409674
82.10954291137428
80.16128295852525
76.43335009843089
71.31224370557196
65.44958793411904
59.73791898016894
55.17480453674966
52.63598202280947
38.453551140939894
43.75643127278383
51.372724258214404
57.05688979217857
57.761413350307016
53.37903760739663
46.759091392882645
41.99543024785203
33.86647558706724
34.47043539051299
35.73830902482874
37.691895288605174
40.18567981507554
42.840006516297734
45.09887678095254
46.40357702184404
