49.731667470194125
48.821237170346706
47.13898133073241
44.94100815324536
42.56193912948149
40.363965951994444
38.681710112380145
37.771279812532725
85.56786510132807
87.17510858532508
90.14490730257899
94.02513631968033
98.22506594313904
102.10529496024039
105.07509367749431
106.68233716149132
118.75287858254241
118.43317797618504
117.84244828269497
117.07062274292811
116.23520479869798
115.46337925893111
114.87264956544105
114.55294895908368
94.63370124220215
93.27114600894522
90.75347222510081
87.46397290148951
83.90344449074554
80.61394516713425
78.09627138328982
76.73371615003289
60.11160673122147
61.47416196447839
63.991835748322806
67.28133507193411
70.84186348267806
74.13136280628936
76.64903659013379
78.0115918233907
85.20882776919454
85.52852837555191
86.11925806904196
86.89108360880883
87.72650155303896
88.49832709280582
89.08905678629587
89.40875739265324
100.84542854693485
99.23818506293784
96.26838634568394
92.3881573285826
88.18822770512386
84.30799868802254
81.3381999707686
79.7309564867716
62.64802455638225
63.55845485622967
65.24071069584396
67.43868387333102
69.81775289709488
72.01572607458192
73.69798191419622
74.60841221404364
