120.0832518123405
151.0901153761767
193.58417024465365
220.16691130987266
211.99219885828245
170.30455875668474
116.2497146706686
78.98619706768807
74.63104366402581
85.60537303345808
99.50215221620411
105.18143151294078
95.39745474136902
71.63974367299039
43.90633184594421
25.44367085026119
50.86540921590479
55.407053627131596
62.4101211835077
68.844402674289
72.34153999483365
72.36912568971752
70.31175716153679
68.44670577686615
52.51809878169735
58.090796155252505
66.4437941431901
73.55618755747648
76.40117487411695
74.54563256402726
70.21605422406205
66.82081587324114
58.35795523690527
58.56887751467142
59.6325962462122
62.340328880786885
66.95383285122213
72.7707439995368
78.23150515304766
81.55160594455378
70.4377775400439
59.71037831762527
45.95533479411634
39.84620362112433
48.37965027415645
70.2565348561751
96.07969437018939
113.33831090278143
61.91716747778079
50.03975815470851
32.86982867324825
19.776564293890488
17.529957091885446
26.47203264819339
40.46477975525308
50.62271036784651
29.819238586212652
33.87063846309192
39.719011856751386
44.158027834708065
44.87424899922258
41.75863717055859
36.923153461414195
33.419925531672796
