86.7228969387988
77.65668943850729
64.88696004723626
55.989801717482365
56.30216385477782
65.77649215528919
78.98796831749532
88.29324744746908
94.55009167155087
105.27418006388609
121.5686671571102
135.9733561893524
142.77421938646836
140.93588697667565
134.259272852657
128.74033980295732
123.25132449858793
122.41485518597814
119.14021241464079
111.48068629287216
98.87332122258498
83.23747424968148
68.68261035282983
59.869820189085154
64.42686495098884
60.93103980821608
56.65091136673619
55.32010601812499
59.320540968740325
68.04318626138414
77.98078406541559
84.53840956389783
91.43223668369244
91.4295912952679
91.49105059843696
91.70108728458429
92.09407251584226
92.61017785317186
93.10448359386015
93.40790685661788
78.84502335631625
78.3993099469297
78.10091523707771
78.73797853807388
80.73868902007887
83.79845664869308
86.92628325657851
88.90327417481002
66.28908989275865
73.65308699134033
84.69877300303658
94.12244956048738
97.92824095165363
95.5367499368151
89.87326572606892
85.42209525236126
120.35353084573367
149.72411164614306
190.4796457994559
217.30347556059425
212.5976932414255
177.07871154202016
129.66819621136327
96.695965551229
