46.88181257835576
53.867841348900996
62.391165960030406
66.50880484339885
64.60055052202112
59.55291867151702
55.11459310798267
52.93535114465537
68.4846221872648
60.84996593367839
54.55565751395071
57.17711887107647
66.46881262925669
73.62337654059071
73.73984323265252
70.63828953327436
55.99791510547918
68.09966579728405
78.2999726904651
74.48038028652643
59.51749963205544
46.75337995119588
44.30421506033932
47.461438475223304
94.8474008558924
80.19538048024363
65.69470930024282
63.51002113614639
69.49472061510794
69.6867118692683
58.547172955979235
46.27183199858723
64.55568127858714
59.904758454230134
49.562142451854065
40.452672448993084
49.26627811466382
87.71214750542534
144.62293743676582
187.5273540060313
152.8683601629094
115.5500244346328
65.84257646333569
31.90165333889199
23.68637271592206
31.383350314217346
40.560786253762195
44.88035124822457
36.38313584119578
41.93957976924232
46.196154803477064
44.43650576188298
40.577269185632446
42.59876496202428
52.202686279151486
61.54027502518396
64.86045956907083
63.46455054253072
63.335854055900924
66.40345573432829
71.25910900658498
74.56758342501784
74.77953243410983
73.62449614757523
