97.05928294232078
109.31065276171317
128.28869859292837
145.9288226463758
155.88594213152982
156.64417586828858
151.7476234551476
147.1171029578513
144.73276173845204
135.22849643441563
119.03070953216665
100.5340794459056
83.91835590356025
71.71313219254368
64.41273751256595
61.19987858377405
46.71676958437651
53.89645747582655
64.6818988948412
73.92259708991642
77.7308475615448
75.52687869729739
70.12711674417332
65.86213757630071
46.89777069991929
60.43691569900295
80.89236637860574
98.69885071364062
106.58386565517186
103.3469891561898
94.042633546415
86.53841771148173
106.81968662451324
102.48955267921103
95.36410446127383
87.76640665351147
81.72873590611053
78.17027285874119
76.75716522056068
76.46626603565149
75.46039672516969
78.44735967288749
82.7614083100124
86.04144359995753
86.5829706770155
84.30354695265939
80.7553332523021
78.18283718571865
150.7543758746068
162.32836225981666
178.66446385902012
190.13410979496925
189.94131378399916
178.11542727107994
161.50667093839118
149.78512487473267
63.753237953772896
64.06473730750554
64.61381568077257
65.27940791259199
65.93368623793678
66.47704271282097
66.85325362082327
67.04251721762068
