63.65882945036454
66.68312873608883
72.21259893405669
77.85884811520846
79.5136394369239
74.48357126490038
64.9144486658085
57.262430598357476
40.39174068915993
58.13540677811456
79.84200196773051
90.70607921719112
87.07843816839433
76.46408587085041
67.79559469661756
64.06083123856769
91.81361688164912
76.43995470802379
59.903509074629106
55.271413285117816
61.52380142271314
67.30330591590824
65.49108660832451
60.52902471740554
46.957388256424956
51.1423886686774
54.084877955364135
55.92006226685318
67.61508144301698
99.66359678849949
145.3341885879278
179.73252003417372
189.48262830691317
163.086349125878
127.12411751280102
97.83158482142488
76.44309296560363
53.940723984622494
27.58123398151975
7.975118510879531
46.65685635558829
52.830305625534216
55.689526161273115
48.94841586503221
38.6808598770297
36.855498676409674
46.66663825239889
57.7558366179657
64.8877860736026
56.344332888327386
48.31496279636721
48.82409163265878
56.466900531862755
63.12710953683158
63.79668044265899
61.404307426061045
92.65115398629705
111.83813346935554
139.32840559777785
161.13950479651322
169.17818615445526
164.66210796197748
154.92012876474382
147.77993085658912
