145.282471715838
144.70496838518332
137.4656127373723
119.22822667604089
93.76914920833521
70.45360545886236
56.03265033661245
50.37698931781634
71.99995759349795
57.15180709922848
44.61717707026007
49.43357946531935
68.45387955146687
85.53003910910643
90.3333239308598
87.74493059917063
62.55113896174946
81.0679260581869
100.38131262508482
104.42178247039783
94.98809181621552
86.76880449894824
88.74427621512439
95.00130614898156
88.21337828397355
81.83357431071724
76.21750231957898
77.6584627302111
84.93722008080879
91.45633817958235
93.02186566288293
91.72021937776807
86.28817049870682
79.64735972613728
73.54901005553543
74.35984431139397
80.95655802686449
86.84554997086448
87.92879977470153
86.36614669027344
117.66388397480196
138.43095883791688
161.90233502460242
171.37548011547042
167.82207477379833
165.03546270208602
171.16892403804985
179.67624173858448
92.02481571307175
72.97618075210283
52.680067472304025
47.355603299319974
55.39950850801148
62.33480149760772
59.376603068530656
52.58772527014203
55.10118325836046
63.31222483052699
72.31198269526183
75.29202093184635
72.7985180344992
70.70039858294226
72.51855697323826
75.65144085726335
