69.43207774635684
96.53316437269893
115.13681445521627
101.11607791843882
75.73030107132581
81.56984590878687
128.26017526329812
175.22154326387877
196.12210335997628
208.49796483975157
219.55962350706812
218.0872264977272
208.10547732231552
203.07870170765648
209.11370994552348
217.93519281998067
183.58810006486823
192.48256206677593
201.83898959108785
204.31545070124622
201.3772531187966
200.2993356236369
204.62911271849924
209.96919611508883
227.49865803755782
223.3800674368091
197.76021722800934
143.54887355011573
82.54750543964892
48.19644313599383
50.66327219918795
66.40496297267781
78.85411417803826
82.4731187149664
77.83625430130898
59.77588776680407
41.82049122296038
43.62040606269399
67.07022092103048
90.54950683219717
115.1305075098661
105.6286558816835
100.03260232602904
107.84897727542273
121.84372654462004
126.10572288869567
115.48301890359164
102.42678867009096
125.8875807431884
109.35847436981912
95.50530345771327
98.71008465003256
110.48261917001024
110.13302175701148
91.253200415456
71.1697154367687
30.73527935826019
34.52446704330178
43.665001396403774
61.195854359598606
89.65052463016583
127.04165896759919
164.26887259269515
187.91834165197525
