73.41338231371762
77.62816505509446
81.19474756937625
79.66755131883681
73.56349527922978
67.26040898123755
64.07286301800889
63.511755711932935
51.92444363424302
49.1636478337354
51.50316068504949
63.22266046077786
77.14750251362652
81.33713818282449
73.02781509185692
62.7371551848189
49.55317661621967
50.59114606512185
47.90581134879963
44.20657170202306
54.65668137009727
92.36279891018447
148.23348188242738
190.6768085181933
173.4536941350226
173.18300749962842
178.54810294764036
186.63415464945984
179.42352061648813
140.67696145946184
79.81074346955236
32.70744597531234
23.291375865800326
34.15628489618699
40.56575268202091
32.60974430763115
20.48509661049438
23.374670348517654
45.12210744955713
66.83259859235682
111.24980419380053
86.06132854008476
57.80061960333334
47.813532112858994
56.69870417489326
68.40585586363021
70.82543419948516
67.33119772498065
62.83598670132461
87.73032433588874
119.90029628959898
140.77851741548986
146.18895709274966
145.12854261350572
146.27259855447306
149.22830058390238
142.40313653987135
129.61109577425916
110.70650887418087
93.19226803292223
79.96104234242081
69.57862364063787
60.75995633463884
55.09973770850234
