57.22471308159975
57.665545671974535
58.480098086996925
59.54436210541579
60.69631317800421
61.76057719642308
62.57512961144547
63.01596220182025
102.41410834808424
101.15872334268707
98.83907431887103
95.80830681284135
92.5278277034152
89.49706019738552
87.17741117356948
85.92202616817231
76.79073753001
78.66955396345126
82.14115405985574
86.67701817467906
91.58660211415
96.12246622897332
99.5940663253778
101.47288275881905
95.0199778662095
92.80376277520222
88.70873125075367
83.35831472090796
77.56706560068746
72.21664907084174
68.1216175463932
65.90540245538591
146.85502213379047
149.07123722479776
153.16626874924629
158.516685279092
164.3079343993125
169.65835092915822
173.75338245360678
175.96959754461406
75.58426246998987
73.70544603654861
70.23384594014415
65.69798182532082
60.78839788584989
56.25253377102657
52.780933674622105
50.90211724118085
62.83589165191574
64.09127665731292
66.41092568112894
69.44169318715862
72.72217229658477
75.75293980261445
78.07258882643049
79.32797383182765
81.15028691840011
80.70945432802533
79.89490191300294
78.83063789458407
77.67868682199565
76.61442280357679
75.7998703885544
75.35903779817961
