65.63908647660456
71.97257505761178
80.69278259109748
85.79426610836303
82.51542212782114
70.58822465544367
55.226240584051254
44.53104817541546
31.375397169973535
53.92675698411039
68.61767151017638
57.70733234523303
45.243933566077175
70.90783072462077
137.32252629280083
196.44812243042466
167.8631691303725
141.89776818553125
126.44025152768575
144.98035185033245
173.04413959234626
164.89796721273882
111.7003617701785
59.048688123083025
19.7018336500578
31.13014342710131
41.76801091816182
41.91563085182938
35.760065646997376
35.48048323372617
45.51419537186827
56.51530280197303
106.17256491561727
81.57704334179175
54.34906108627948
45.461250873832746
55.00511165799162
66.61817351437054
68.38280257906733
64.28815307406745
80.43629415582595
78.77753449040043
88.8146790582525
115.98477841508307
144.04868008502407
149.44292645493138
128.68436439643384
105.24975174408506
149.95013954382776
155.02294033995767
145.75239790388514
110.95253738935118
67.28824675655223
44.376275607708784
51.91774754058658
68.87843770240698
48.11151495772033
54.94523817349514
62.8151454044612
66.45385216597481
66.3444005671898
66.93811859645955
70.5017614650131
74.29049594854405
