96.89187754890573
99.221374324567
102.36028685851804
104.18256842063845
103.24535691190097
99.69133428866742
95.22700452824768
92.18019711855497
85.65988007652194
83.24341254261881
80.26881912166704
79.29677831004223
81.96573087989286
87.86935299657446
94.61841533913952
99.0776107335428
96.12024621985373
90.81057981228194
82.63886895378276
75.1674651899012
71.17309539358187
71.26386615726204
73.78668507667298
76.03919319666292
132.70774585436425
146.41614384619646
166.5844643136977
182.8428053795709
187.55448580992172
180.00219497071856
166.49719686938727
156.39496295614316
88.91725414563571
75.20885615380348
55.04053568630226
38.78219462042904
34.07051419007827
41.6228050292814
55.12780313061268
65.2300370438568
59.50475378014619
64.81442018771797
72.98613104621717
80.45753481009872
84.45190460641804
84.36113384273787
81.83831492332693
79.585806803337
77.71511992347803
80.13158745738117
83.10618087833296
84.07822168995779
81.40926912010715
75.50564700342555
68.75658466086047
64.2973892664572
68.60812245109422
66.27862567543298
63.139713141481934
61.31743157936154
62.254643088099016
65.80866571133257
70.2729954717523
73.319802881445
