44.48919135682002
63.048688482196845
75.01337597176898
73.5377015878007
81.78879332602925
115.33411120281106
159.00045136519216
187.37186338934652
118.70831248750395
84.78040297081662
76.73959936806558
112.7423924873834
140.8408385665302
122.40046230035176
80.39997708613579
52.88899464613885
19.88184132733979
54.62282457958082
71.18189070529425
51.84984907944602
35.22828926583426
44.56232017884923
58.62674795691434
61.17370728583193
87.33943187152269
85.65799083361333
86.89078439882582
84.87064386588835
70.4399433466589
53.05534913784603
50.385033486289394
58.548216134477165
80.05943420286502
61.533872047883705
57.69900996162251
82.69966195924252
111.59530187933251
118.37274299044095
106.59187846859716
95.05218278907688
155.88648576522596
163.24524899050252
140.61720283497138
88.33211541172791
52.565370842149
52.702006194995086
61.174884440292765
60.09527397947223
88.46382401813123
68.99716151270209
62.236828857389796
70.58304377275502
65.35810057417383
47.059689560082596
45.652752463054725
60.40156049035579
74.79647897059112
87.73881058270378
99.24630790206143
105.00959183575578
111.80836219929175
116.13831843462296
107.79327473352338
94.09320128530038
