105.07082587935784
84.50921952347096
74.58373159424072
81.15780764289397
81.31839238761047
75.04103825671145
85.19362730982996
105.87813990830398
74.67278286813415
79.22255890466828
80.51869469986346
76.59989294052774
72.67887611604398
69.35258349383385
62.511292527160634
54.96050013711712
84.31295710285116
137.55410744862783
190.35737650953493
211.9206798553593
212.34263052406686
191.55899035133922
139.35244964877066
86.4342463633736
57.72878277601749
62.49017936575227
57.660428845116094
48.316441898235766
55.64840495164322
78.54009309486779
93.73880520445128
94.58905018922049
81.94045175334475
72.6364024761237
72.4400373148081
81.80214870005528
82.89740292449056
75.5590574609479
77.3043460007063
87.44666656976585
103.99160222724889
84.72639956711642
78.81892410318943
87.46903823978728
80.09483828065525
57.8189793222821
53.297761192353434
66.91899554987161
68.76639650962679
61.873291945477035
57.52537014812692
59.95607056882139
65.45734118438632
73.19166341274426
85.31955672491091
96.42315153212786
51.49834257519194
57.24712660863314
51.03992701722418
45.362058295967216
74.22797548945465
133.24310437516894
180.27287555194658
196.61710805844587
