57.99752323414596
57.99752323414596
57.99752323414596
57.99752323414596
57.99752323414596
57.99752323414596
57.99752323414596
57.99752323414596
54.296809623717074
54.296809623717074
54.296809623717074
54.296809623717074
54.296809623717074
54.296809623717074
54.296809623717074
54.296809623717074
71.28278770347394
71.28278770347394
71.28278770347394
71.28278770347394
71.28278770347394
71.28278770347394
71.28278770347394
71.28278770347394
62.34847471471783
62.34847471471783
62.34847471471783
62.34847471471783
62.34847471471783
62.34847471471783
62.34847471471783
62.34847471471783
86.3702752852821
86.3702752852821
86.3702752852821
86.3702752852821
86.3702752852821
86.3702752852821
86.3702752852821
86.3702752852821
77.43596229652599
77.43596229652599
77.43596229652599
77.43596229652599
77.43596229652599
77.43596229652599
77.43596229652599
77.43596229652599
94.42194037628285
94.42194037628285
94.42194037628285
94.42194037628285
94.42194037628285
94.42194037628285
94.42194037628285
94.42194037628285
90.72122676585397
90.72122676585397
90.72122676585397
90.72122676585397
90.72122676585397
90.72122676585397
90.72122676585397
90.72122676585397
