80.84321223095262
71.95592709745605
68.37470409922867
71.59237314328075
69.61887332502052
62.75465210195763
63.544924891860525
70.92175865690962
72.99418367653323
130.9522362519261
189.13583025449793
211.0712772118463
203.27343961502586
166.92946755057878
97.71806586140059
33.791806772854244
64.63961136491399
49.221304760990016
49.6350564527536
65.14108797375945
63.518555594267326
45.014475160762274
42.30611617253141
56.482590256240286
56.44881433969613
65.8040296223631
70.15908679483525
67.7749530900322
70.42400321247953
77.70294329473381
77.09420873283281
69.76648863689648
71.11726725231986
83.33957832855896
90.87030983707312
88.48596073512155
85.83691061267422
83.32645333717454
72.04939921808923
57.799592955119536
67.53578545921741
56.92212620935317
64.66906625583115
86.73596152318086
88.358493902673
69.28964754782253
63.837314797811764
75.6928065678911
118.4986825422524
134.8014107163727
136.662969098275
125.38341024829602
133.18124784511645
158.86933180219415
168.03558110689818
157.70105944593146
62.71310426700999
51.63529990867698
45.61106431180801
48.77431494158699
50.747814759847245
51.231116309079056
60.04630211427253
72.63455784105295
