43.44401285080043
43.44401285080043
43.44401285080043
43.44401285080043
43.44401285080043
43.44401285080043
43.44401285080043
43.44401285080043
68.45509309946277
68.45509309946277
68.45509309946277
68.45509309946277
68.45509309946277
68.45509309946277
68.45509309946277
68.45509309946277
73.49916168740147
73.49916168740147
73.49916168740147
73.49916168740147
73.49916168740147
73.49916168740147
73.49916168740147
73.49916168740147
57.80830489669847
57.80830489669847
57.80830489669847
57.80830489669847
57.80830489669847
57.80830489669847
57.80830489669847
57.80830489669847
64.94169510330148
64.94169510330148
64.94169510330148
64.94169510330148
64.94169510330148
64.94169510330148
64.94169510330148
64.94169510330148
93.81333831259843
93.81333831259843
93.81333831259843
93.81333831259843
93.81333831259843
93.81333831259843
93.81333831259843
93.81333831259843
98.85740690053713
98.85740690053713
98.85740690053713
98.85740690053713
98.85740690053713
98.85740690053713
98.85740690053713
98.85740690053713
79.30598714919954
79.30598714919954
79.30598714919954
79.30598714919954
79.30598714919954
79.30598714919954
79.30598714919954
79.30598714919954
