51.056172881980764
109.89686414775929
176.3263086661637
197.00316649809727
162.63318782568746
106.11505835412203
63.37430488069912
45.02000884297867
66.87705539478569
60.958882729866865
56.24326341470738
58.21705360690293
64.02212906698688
66.05681117743224
61.42730603890052
55.57002529223149
62.07051577155383
71.14282194846284
81.0149763130758
84.22629892351226
81.65288584068645
80.00559322410426
83.00662804031501
87.22031899020536
88.04833999970886
83.26352937767706
74.40015041661917
64.18967739324273
57.24520442974375
56.981940436573424
62.186039393793195
67.3484378019675
56.48047319982167
71.64152935531467
82.12119553272657
73.99250076909078
58.128705088895245
57.73998563043556
79.16562985686045
102.06666131752958
213.57274123246918
197.96853045904263
188.79684250632144
197.59178668057368
204.16837735688512
178.05327697082257
119.51133053785506
68.99707520411374
32.0898074346536
25.565558406528833
26.36995072558372
42.71465223495682
63.4974367230617
69.11918824464979
54.759039262330674
37.51184024642087
61.748500972496714
52.60664025296307
41.85194118415224
37.09567506664992
39.30250336215883
43.62332235590461
45.70556015823575
45.64078454995018
