169.74765686204213
161.43117454854618
103.7313176760838
57.9190844171705
73.81762689619094
91.30048064546875
87.49289014930318
92.09649484399836
162.19955836192355
173.483453181039
184.2648399290513
189.33679135210392
170.59118476818136
124.78724335686694
99.23975656294942
110.02275854769775
132.32983437338805
89.69693746724657
60.73938270346402
50.11836278947644
37.1675861659177
40.44834743394551
66.77138426118454
88.41526853705837
57.48042714673703
62.047028248262805
74.79388103360068
59.22125286659036
42.732024456221666
95.35765789045448
168.9309130602665
191.32077576303558
127.32286235783106
120.35827128313556
141.96137825240388
168.31034101031085
188.1855902619735
218.32094146364034
209.65830622021423
156.10510358927866
32.645974614479435
27.88577395598219
53.07131381462649
84.00728792880166
81.74935653294587
66.20449101112416
61.27670116832496
60.41066087383069
82.5718961757747
63.74566023861964
47.68727246853876
59.635163841315446
77.92091705070692
69.7024393682727
60.74500307876374
72.12739808639765
98.64293656805955
116.54668584614576
85.8538643576385
50.26434981906961
73.35871309449035
122.04633369909423
174.91887562573996
226.72476004699908
