95.32269955714953
75.90474465720213
56.55570654504834
54.70811634959318
67.79510644918895
78.99240175538084
78.09161763926046
71.71854824096009
81.07561716990986
65.41569292320662
50.49394626212044
50.86340699274751
64.0532860706985
75.4816667375284
76.19959463541848
71.59859032491804
50.36765801670373
41.181971911656106
33.572906154016145
36.90499380758399
49.057609349584695
59.779031062983115
62.62006174966103
60.823709704443964
54.67645608568309
53.03131958391499
53.27965722577053
58.26526861854659
66.66260806330068
74.24300851340591
78.16093203163372
79.11058458719481
87.65211749286995
92.99616466964939
99.58252275825478
103.52687168309771
104.79525163505498
106.14481150256871
109.06158371480187
111.81084183425212
84.25593264233291
94.97375771497684
105.41384713886721
105.78067016031069
97.63172668252052
90.60921564413344
90.59920862370595
93.92769963651932
73.67579217105344
87.80357745016039
99.89430044499616
95.82592903935776
78.63237789719622
63.50508655535498
59.95613499121449
63.02500033411863
95.59872686429738
111.31777108923343
123.83211347092629
116.74974334876246
93.99703385245535
73.86977822864448
67.9358666143039
70.61002533759296
