65.6829034628767
58.85526009422291
49.363094124903476
43.06904385267424
44.05499533362615
52.1708463924567
63.057358317980174
70.63961628038619
71.97755277173245
73.31057903753225
75.51930246527895
77.9077060620735
79.85778909243835
81.07266909254713
81.62177953409602
81.78128220321007
82.28479199489635
84.12191629668754
85.10912529708517
81.69161258292017
71.98230940328388
57.45936915222349
42.74113191399201
33.47282867888783
71.41835218531591
67.51570885882062
62.59829626413757
60.65857278020745
64.28557571321993
72.92712674548731
82.97389607880359
89.6525272685058
198.2201415774955
202.86594992225653
204.79606334645143
194.30614990882606
166.3389827797619
125.15230963165764
83.6706491523852
57.61969778666737
33.596865641426376
34.21406530861765
35.95568195912025
39.4067676791127
44.643106322417104
50.867512798118376
56.53119727415521
59.921717697055314
48.93796396220305
45.39082337652399
40.897123854513424
39.05506464456934
42.20564421318481
49.86921538111303
58.81850725839518
64.77699705058842
87.57197446416663
83.87217581901434
78.27265444562059
73.3750074187569
71.16167221292702
71.96960904928494
74.43900175651625
76.44478697458558
