52.457359082162
54.27427880638686
57.63150869724165
62.01794093720848
66.76578098085967
71.1522132208265
74.50944311168129
76.32636283590615
37.17368209733556
38.713992263965494
41.56011433730239
45.27875203184154
49.303776468124006
53.02241416266316
55.868536236000054
57.40884640262999
65.24033319717321
66.26953554628525
68.17125351659956
70.65596778625209
73.3454031316792
75.83011740133173
77.73183537164604
78.76103772075808
101.44176929945955
101.80317710314391
102.47097164857159
103.34348726977385
104.28789137279645
105.1604069939987
105.82820153942639
106.18960934311075
95.32888814840287
94.96748034471851
94.29968579929083
93.42717017808857
92.48276607506597
91.61025045386371
90.94245590843603
90.58104810475167
83.60256226499953
82.5733599158875
80.6716419455732
78.18692767592067
75.49749233049356
73.01277806084103
71.11106009052673
70.0818577414147
85.60842244049155
84.06811227386162
81.22199020052473
77.50335250598557
73.4783280697031
69.75969037516396
66.91356830182706
65.37325813519712
81.39698346997548
79.58006374575062
76.22283385489584
71.836401614929
67.08856157127781
62.702129331310985
59.34489944045619
57.52797971623133
