97.71249637392606
90.01160837971692
79.10277926386567
71.34275538502072
71.23348651811679
78.79160785761525
89.54590745994584
97.1631646840801
71.88564309090413
72.29912111534873
72.78463443587677
72.87441742617145
72.27630699251813
71.08136002655596
69.74999081895854
68.87873888714628
52.01404933725392
52.73247086715673
55.05548217566886
60.037334018981525
67.91512602867662
77.48953578364046
86.30740477679356
91.61838421834754
175.757689048905
177.890653194363
176.46932354557816
164.12631707554883
137.37821114578168
100.2971624118997
63.89095788701557
41.28587976862095
37.63155755279514
38.4264991091023
39.63083763681729
40.68713299861014
41.170051861874455
41.00607420734865
40.48468608558786
40.05935462557637
40.77226010146613
47.07852067672206
55.404626734471556
59.778843183408924
56.20889113498016
45.23826342686266
31.863482765203578
22.82489918340464
95.42168907520461
87.89315239264062
76.59152761085242
66.9274880284296
62.981593186833436
65.35456980607115
71.07585658717602
75.58433610627257
70.65081600215942
66.78373565346375
61.94480182285623
60.13258040194526
63.929464613102
72.75741325401893
82.9659522308046
89.73904194393683
