48.55075320369563
48.55075320369563
48.55075320369563
48.55075320369563
48.55075320369563
48.55075320369563
48.55075320369563
48.55075320369563
74.35902796835528
74.35902796835528
74.35902796835528
74.35902796835528
74.35902796835528
74.35902796835528
74.35902796835528
74.35902796835528
99.12835692749007
99.12835692749007
99.12835692749007
99.12835692749007
99.12835692749007
99.12835692749007
99.12835692749007
99.12835692749007
99.37215144637226
99.37215144637226
99.37215144637226
99.37215144637226
99.37215144637226
99.37215144637226
99.37215144637226
99.37215144637226
79.80594535220497
79.80594535220497
79.80594535220497
79.80594535220497
79.80594535220497
79.80594535220497
79.80594535220497
79.80594535220497
64.58682502036541
64.58682502036541
64.58682502036541
64.58682502036541
64.58682502036541
64.58682502036541
64.58682502036541
64.58682502036541
67.48829008378911
67.48829008378911
67.48829008378911
67.48829008378911
67.48829008378911
67.48829008378911
67.48829008378911
67.48829008378911
77.83364999772702
77.83364999772702
77.83364999772702
77.83364999772702
77.83364999772702
77.83364999772702
77.83364999772702
77.83364999772702
