74.09521186545173
69.53235554210501
63.09087662590199
58.56512321692183
58.633680463281465
63.28611114569557
69.82454464949932
74.43987241754685
55.64015250985949
58.519665902734715
63.37349143293427
68.80249294573167
73.51333273048526
76.78882813383522
78.59713611740094
79.32314340082874
118.75027110230056
119.48298501200296
118.48999389782426
112.6034964378899
100.37278862634307
83.6598848558494
67.35604310551601
57.2623507046591
13.949244310294505
20.64559412438713
31.68944019607411
43.51940863509513
53.00509898567529
58.702400879935915
61.073346750511
61.63703001984322
55.14579326638639
52.71390623288647
49.54975992149103
48.0151153636122
49.67300328146437
54.27102526834594
59.779779158062404
63.480558669322875
99.23247377002741
91.67830324830886
80.06688607097658
69.48493046304196
63.890313123046035
64.13476382567076
67.83419728449313
71.10643307333392
64.7719399425141
63.80109295577296
62.47402307961173
61.65294989054917
61.92969578291261
63.262128703297485
64.98057637377013
66.16323549647643
35.41491323316559
40.626096981801666
48.26552877518579
54.35648304715789
55.98208700679168
52.89485718736951
47.55437656074688
43.58737621798869
