68.21900442405686
68.21900442405686
68.21900442405686
68.21900442405686
68.21900442405686
68.21900442405686
68.21900442405686
68.21900442405686
99.50433468328987
99.50433468328987
99.50433468328987
99.50433468328987
99.50433468328987
99.50433468328987
99.50433468328987
99.50433468328987
107.63419827253705
107.63419827253705
107.63419827253705
107.63419827253705
107.63419827253705
107.63419827253705
107.63419827253705
107.63419827253705
79.42364956404373
79.42364956404373
79.42364956404373
79.42364956404373
79.42364956404373
79.42364956404373
79.42364956404373
79.42364956404373
59.70135043595623
59.70135043595623
59.70135043595623
59.70135043595623
59.70135043595623
59.70135043595623
59.70135043595623
59.70135043595623
68.3658017274629
68.3658017274629
68.3658017274629
68.3658017274629
68.3658017274629
68.3658017274629
68.3658017274629
68.3658017274629
76.49566531671003
76.49566531671003
76.49566531671003
76.49566531671003
76.49566531671003
76.49566531671003
76.49566531671003
76.49566531671003
70.9059955759431
70.9059955759431
70.9059955759431
70.9059955759431
70.9059955759431
70.9059955759431
70.9059955759431
70.9059955759431
