65.06631841034861
65.28535867970348
65.69009232300893
66.21890231199131
66.79128211950257
67.32009210848496
67.7248257517904
67.94386602114527
96.6042300939068
91.84024178024964
83.037539188028
71.53625399020994
59.087352598753306
47.58606740093524
38.78336480871359
34.01937649505643
39.36766445193052
40.47942024067956
42.533677077431925
45.21769298067666
48.1228508598095
50.80686676305424
52.861123599806604
53.97287938855564
49.21947940625143
49.86254014452196
51.05076145302144
52.603247408783794
54.283646098364464
55.83613205412682
57.0243533626263
57.66741410089683
92.69224387369967
90.73051428477363
87.10571065371255
82.36967647441874
77.24343001843292
72.5073958391391
68.88259220807801
66.92086261915198
51.53358573208864
53.605378166871056
57.43355141908545
62.43530081355913
67.84915534595464
72.85090474042832
76.67907799264273
78.75087042742514
36.11951972207396
37.699959812199666
40.62023231545455
44.4357522155542
48.565641195482485
52.38116109558214
55.30143359883702
56.88187368896273
59.52195830970018
60.62158689100082
62.653435570256974
65.30817380480605
68.18164176369996
70.83637999824903
72.86822867750519
73.96785725880582
