101.55851849739261
101.55851849739261
101.55851849739261
101.55851849739261
101.55851849739261
101.55851849739261
101.55851849739261
101.55851849739261
101.89740286286629
101.89740286286629
101.89740286286629
101.89740286286629
101.89740286286629
101.89740286286629
101.89740286286629
101.89740286286629
86.42784325300487
86.42784325300487
86.42784325300487
86.42784325300487
86.42784325300487
86.42784325300487
86.42784325300487
86.42784325300487
62.588254548618174
62.588254548618174
62.588254548618174
62.588254548618174
62.588254548618174
62.588254548618174
62.588254548618174
62.588254548618174
57.29262682867306
57.29262682867306
57.29262682867306
57.29262682867306
57.29262682867306
57.29262682867306
57.29262682867306
57.29262682867306
71.34717140854632
71.34717140854632
71.34717140854632
71.34717140854632
71.34717140854632
71.34717140854632
71.34717140854632
71.34717140854632
79.32758247558246
79.32758247558246
79.32758247558246
79.32758247558246
79.32758247558246
79.32758247558246
79.32758247558246
79.32758247558246
74.93560012531616
74.93560012531616
74.93560012531616
74.93560012531616
74.93560012531616
74.93560012531616
74.93560012531616
74.93560012531616
