70.77599770709416
67.45987160692631
61.3324695445832
53.32663293901855
44.661177840340045
36.655341234775406
30.527939172432287
27.21181307226443
44.38103981644841
43.84374935038142
42.850966021155955
41.55383209104328
40.149824442354706
38.852690512242035
37.85990718301657
37.32261671694958
53.2981737990504
53.34753107388452
53.43873142588406
53.557890428190355
53.68686720288131
53.8060262051876
53.897226557187146
53.94658383202126
88.4672609390694
86.82176626102766
83.78128855322961
79.80871298468848
75.50882817422745
71.53625260568631
68.49577489788827
66.85028021984652
80.95016581071094
80.13431632418707
78.62682303976857
76.65718814454749
74.52527069653647
72.5556358013154
71.04814251689689
70.23229303037301
42.78439945116919
45.1963863409007
49.6531569811177
55.4762084425736
61.7790339263547
67.6020853878106
72.0588560280276
74.47084291775911
51.70153343377117
54.70016806440377
60.24092238584579
67.48026677972067
75.3160766868813
82.55542108075618
88.0961754021982
91.0948100328308
98.64142904268616
99.49621097828839
101.07564204841496
103.13926819021741
105.37292103042385
107.4365471722263
109.01597824235287
109.8707601779551
