216.46772525813023
210.916959682384
205.71945652925254
204.94962904399128
205.3457767335091
200.3895205298312
189.27151310520662
179.53431881104373
200.98044058556255
200.58596695106485
199.52682849339828
198.38207515571466
198.92432857343906
202.54711410929423
208.23029378572716
212.60335902476825
204.92933328257865
205.53621362605065
189.27765924162279
146.4260842849793
93.10007740337402
58.06361793272913
52.857305860112426
61.279301689582994
61.191230061249506
43.92977661329266
32.37671763751776
43.445598390740614
66.12224846790829
74.24516717739145
58.52588872512356
38.31847323342702
96.02348956237846
107.95390140842177
122.90161850257442
131.19253707743349
130.21726540334697
124.52485987265358
119.69717036967536
117.64425811016623
120.8048039098342
115.61867263387062
107.2882762324149
97.45198425005405
85.80620654828358
71.78693518421308
57.54091261001651
48.171801952343266
23.175496508807598
33.05016973916601
41.802205142081334
44.76302993940347
53.98066103082808
84.8843252715946
133.15350318664292
170.97101586044576
226.83764222179093
180.11090660010447
117.17500429752701
73.60551611624247
63.95587595290376
77.84461706060016
96.16692188844253
106.89841555573696
