103.21083190400721
102.70426689582003
101.76825680991892
100.54530069692977
99.22158253893043
97.99862642594128
97.06261634004018
96.556051331853
94.70480723421703
92.57817859984334
88.64868126274278
83.51454557150684
77.95739714407027
72.82326145283434
68.89376411573377
66.76713548136009
58.12013224544267
59.00304988315792
60.6344689519146
62.76602068734518
65.07319566029496
67.20474739572555
68.83616646448223
69.71908410219748
48.45310823640138
51.155279427389914
56.148240740781816
62.671859077920196
69.7329726837232
76.25659102086158
81.2495523342535
83.95172352524203
79.08889155700298
79.15872334153575
79.28775565443284
79.45634449573654
79.63882374261999
79.80741258392369
79.93644489682079
80.00627668135355
80.08786712529329
80.35315071497753
80.84333087261831
81.48378211270902
82.17700153965079
82.8174527797415
83.30763293738228
83.57291652706652
58.58719339504699
59.56562080202118
61.373518912724286
63.73565162843893
66.29240565598396
68.65453837169859
70.4624364824017
71.4408638893759
60.74716830258836
58.48173033525426
54.29574679486636
48.82649572941344
42.90662103472633
37.437369969273405
33.2513864288855
30.985948461551402
