40.669279113917824
40.669279113917824
40.669279113917824
40.669279113917824
40.669279113917824
40.669279113917824
40.669279113917824
40.669279113917824
46.154811981730404
46.154811981730404
46.154811981730404
46.154811981730404
46.154811981730404
46.154811981730404
46.154811981730404
46.154811981730404
81.88899263205646
81.88899263205646
81.88899263205646
81.88899263205646
81.88899263205646
81.88899263205646
81.88899263205646
81.88899263205646
63.73261138026428
63.73261138026428
63.73261138026428
63.73261138026428
63.73261138026428
63.73261138026428
63.73261138026428
63.73261138026428
90.23613861973566
90.23613861973566
90.23613861973566
90.23613861973566
90.23613861973566
90.23613861973566
90.23613861973566
90.23613861973566
72.07975736794347
72.07975736794347
72.07975736794347
72.07975736794347
72.07975736794347
72.07975736794347
72.07975736794347
72.07975736794347
107.81393801826952
107.81393801826952
107.81393801826952
107.81393801826952
107.81393801826952
107.81393801826952
107.81393801826952
107.81393801826952
113.2994708860821
113.2994708860821
113.2994708860821
113.2994708860821
113.2994708860821
113.2994708860821
113.2994708860821
113.2994708860821
