82.25405975143356
81.32818309831919
79.61738611943434
77.382122146401
74.96268985639514
72.7274258833618
71.01662890447696
70.09075225136259
59.42146403061926
61.055975994854656
64.07616029365846
68.02222124557663
72.29340684181125
76.23946779372943
79.25965209253323
80.89416405676863
68.69867939695212
68.37355475263567
67.77280274383773
66.98788241806726
66.13829077960234
65.35337045383187
64.75261844503393
64.42749380071749
79.50563241512256
78.11996008055415
75.55957146320438
72.21426252008413
68.5933262124824
65.24801726936215
62.68762865201238
61.301956317443974
66.07535039163203
67.46102272620043
70.0214113435502
73.36672028667044
76.98765659427218
80.33296553739243
82.8933541547422
84.2790264893106
67.7368691705318
68.06199381484824
68.66274582364618
69.44766614941665
70.29725778788156
71.08217811365203
71.68293012244997
72.0080547667664
64.08048740189675
62.445975437661346
59.42579113885754
55.47973018693936
51.20854459070475
47.26248363878657
44.242299339982765
42.60778737574737
32.10245744181176
33.02833409492613
34.739131073810974
36.97439504684431
39.393827336850165
41.6290913098835
43.33988828876834
44.265764941882715
