39.05571139274073
41.848601444531134
46.09900777609934
49.87265341991166
51.684853455641715
51.25971685548385
49.572148392178086
48.166256199998315
107.10953095026919
101.76125259124359
92.94880093384735
83.52682806570407
75.99962210834914
71.51313193449795
69.68050684022731
69.26771117549383
81.8250058749252
75.88956757452465
66.54267649609451
57.49885967463155
51.755325084817024
50.186473802679494
51.410780368234924
52.95030760715981
133.07037378721407
139.25972783949732
146.09774318030526
146.0402464330074
134.49757124023793
113.2269852654848
90.06516212099477
75.04142694582272
74.64637990067898
65.49338906597563
53.17928699501666
46.08193162824814
49.88025069850666
63.99598455919344
81.68172097353238
93.74181936628432
110.5167478129677
113.48854933094816
117.35935367922723
119.24831838662385
117.2474968539274
111.66149602199859
104.9611027262921
100.45793870494713
114.23222273762376
116.61686431422926
119.95322924147446
122.22034999555142
122.00319983039536
119.3348378901802
115.69137625429975
113.14053513661314
105.28604229515224
99.52951546094174
89.80302239922248
78.87452464134381
69.31796848310279
62.58825296919431
58.79973470234898
57.24199011210865
