70.64469470794492
70.64469470794492
70.64469470794492
70.64469470794492
70.64469470794492
70.64469470794492
70.64469470794492
70.64469470794492
72.30601775909513
72.30601775909513
72.30601775909513
72.30601775909513
72.30601775909513
72.30601775909513
72.30601775909513
72.30601775909513
73.60235985704651
73.60235985704651
73.60235985704651
73.60235985704651
73.60235985704651
73.60235985704651
73.60235985704651
73.60235985704651
71.82842290249785
71.82842290249785
71.82842290249785
71.82842290249785
71.82842290249785
71.82842290249785
71.82842290249785
71.82842290249785
65.48089008625826
65.48089008625826
65.48089008625826
65.48089008625826
65.48089008625826
65.48089008625826
65.48089008625826
65.48089008625826
55.526115739071976
55.526115739071976
55.526115739071976
55.526115739071976
55.526115739071976
55.526115739071976
55.526115739071976
55.526115739071976
45.253006644786296
45.253006644786296
45.253006644786296
45.253006644786296
45.253006644786296
45.253006644786296
45.253006644786296
45.253006644786296
38.73349230329888
38.73349230329888
38.73349230329888
38.73349230329888
38.73349230329888
38.73349230329888
38.73349230329888
38.73349230329888
