106.01426325417863
99.90675672864111
90.08336645604321
80.10692647215768
72.95806960252602
69.72514450100076
69.43852443310149
70.07453278992422
50.32488232097152
49.91138401295513
50.13408267644506
52.35454107950973
57.22145846928681
63.993890791898735
70.65405270798102
74.79252831951187
165.96043059918873
169.92898881480252
172.7685797370045
167.6923470056611
150.97975254218684
125.17513735359961
98.70036867871079
81.94054443708076
78.0439014228485
74.98898079635946
70.58570536643839
67.26015437205616
66.76009465651119
69.16165577844255
72.85773997664346
75.52993146646799
98.63886043064484
102.10364990973996
107.2642642275343
111.57932616467237
113.15042480676028
111.73837462758478
108.79962931725713
106.53730668003867
146.0244773529235
133.09503171799486
113.69787983610715
97.14061662884221
90.43728382330961
94.60840307328851
104.52561078849156
112.32454761080676
107.46431384711698
104.78896596056316
98.85882374059561
89.181230962515
76.24276948868837
62.013202791060515
49.645597318500634
42.41827551239957
64.77001053064109
68.85510679468152
74.94157017340352
80.03547987530027
81.89952405001586
80.24991886955236
76.7996120435757
74.14119342525589
