71.69543637081682
71.69543637081682
71.69543637081682
71.69543637081682
71.69543637081682
71.69543637081682
71.69543637081682
71.69543637081682
84.75112814115711
84.75112814115711
84.75112814115711
84.75112814115711
84.75112814115711
84.75112814115711
84.75112814115711
84.75112814115711
73.74616411105173
73.74616411105173
73.74616411105173
73.74616411105173
73.74616411105173
73.74616411105173
73.74616411105173
73.74616411105173
70.19884324471425
70.19884324471425
70.19884324471425
70.19884324471425
70.19884324471425
70.19884324471425
70.19884324471425
70.19884324471425
34.092953079410314
34.092953079410314
34.092953079410314
34.092953079410314
34.092953079410314
34.092953079410314
34.092953079410314
34.092953079410314
44.26882395131441
44.26882395131441
44.26882395131441
44.26882395131441
44.26882395131441
44.26882395131441
44.26882395131441
44.26882395131441
52.671383796476675
52.671383796476675
52.671383796476675
52.671383796476675
52.671383796476675
52.671383796476675
52.671383796476675
52.671383796476675
79.45026730505856
79.45026730505856
79.45026730505856
79.45026730505856
79.45026730505856
79.45026730505856
79.45026730505856
79.45026730505856
