32.02672973765078
35.40915027169538
41.659048475194794
49.82493400213451
58.66362480497462
66.82951033191434
73.07940853541375
76.46182906945835
158.53396677298923
153.8326986876291
145.14588796580364
133.79602279377542
121.51101725720183
110.16115208517365
101.47434136334816
96.77307327798805
70.87616343376943
69.82199266644778
67.8741390750474
65.32914571152222
62.57446474504665
60.02947138152146
58.08161779012107
57.02744702279942
78.08830174932763
82.32645216173776
90.1575330051977
100.38933321021534
111.46415394707655
121.69595415209419
129.52703499555415
133.76518540796428
126.17633990956483
125.2567158315104
123.55747210487232
121.3373031833485
118.93420965935951
116.71404073783569
115.0147970111976
114.09517293314317
100.35919490733795
98.0948393403039
93.91085581488241
88.4442178949138
82.52717164851714
77.06053372854853
72.87655020312704
70.612194636093
72.45139156811823
73.83413331912264
76.38910692412625
79.72734081266064
83.34061913636201
86.6788530248964
89.23382662990001
90.61656838090443
78.73791192124162
78.67401772155272
78.55595663487519
78.40170239142927
78.23473880146139
78.08048455801547
77.96242347133794
77.89852927164904
