76.45312499999999
76.45312499999999
76.45312499999999
76.45312499999999
76.45312499999999
76.45312499999999
76.45312499999999
76.45312499999999
76.609375
76.609375
76.609375
76.609375
76.609375
76.609375
76.609375
76.609375
49.67187499999998
49.67187499999998
49.67187499999998
49.67187499999998
49.67187499999998
49.67187499999998
49.67187499999998
49.67187499999998
49.828124999999986
49.828124999999986
49.828124999999986
49.828124999999986
49.828124999999986
49.828124999999986
49.828124999999986
49.828124999999986
49.828125
49.828125
49.828125
49.828125
49.828125
49.828125
49.828125
49.828125
49.671874999999964
49.671874999999964
49.671874999999964
49.671874999999964
49.671874999999964
49.671874999999964
49.671874999999964
49.671874999999964
76.60937499999999
76.60937499999999
76.60937499999999
76.60937499999999
76.60937499999999
76.60937499999999
76.60937499999999
76.60937499999999
76.45312499999997
76.45312499999997
76.45312499999997
76.45312499999997
76.45312499999997
76.45312499999997
76.45312499999997
76.45312499999997
