142.65770851493315
138.24217797611539
130.08334139613083
119.42330768424438
107.8849703396445
97.22493662775805
89.06610004777349
84.65056950895571
50.52284958371168
53.26135129980557
58.32144267029793
64.93277065387377
72.08882049687112
78.70014848044698
83.76023985093934
86.49874156703322
76.69216719809691
81.50118426752826
90.3870891514183
101.99708338212315
114.56365058287778
126.17364481358263
135.05954969747268
139.86856676690402
121.90486239670945
121.1445510555887
119.73967888279338
117.90412493143361
115.91733565126592
114.08178169990614
112.67690952711082
111.91659818599008
97.59732988902982
93.90886765411753
87.09347812356495
78.18874257173873
68.55032626477565
59.64559071294944
52.830201182396834
49.141738947484555
73.63828617055974
73.27804267716142
72.61239949661929
71.74269476910041
70.80133315547656
69.93162842795769
69.26598524741554
68.90574175401723
70.077841895367
71.78811375530614
74.94828408816169
79.07724560777181
83.54640135190523
87.67536287151535
90.8355332043709
92.54580506431004
89.15895435159207
89.12571131437683
89.06428619101347
88.98403039971394
88.89716215718305
88.81690636588353
88.75548124252016
88.72223820530492
