199.75409700359276
188.84595254838294
168.7771997166203
142.72597689004846
114.745216557017
89.09473583200598
69.59271791528447
59.08531556163545
76.81531498834288
72.05339875321516
64.50966536642747
57.10761657480573
52.22928771068264
50.61736012145968
51.262094666888366
52.290299634159446
57.90172572004282
44.604363241335065
30.04072319920635
30.579573195679316
56.1455602222729
102.84649451043775
153.5659001410298
186.43062195401393
143.6928835303762
152.6189028707676
166.48999836442394
179.48630024847952
187.0072017157381
187.90771369495116
184.67277905756362
181.50300849311253
71.34330944065695
76.59080240908749
83.73283253511264
88.0700863998103
86.38818384454984
78.94317928688508
69.42257975662064
62.88781430268875
63.49638142653837
58.30531648937826
52.001185745262106
50.19325514591527
56.444472286798906
69.80314602563796
84.94783283173093
94.92337223275669
114.75339551221623
95.41633629861695
71.7253579116998
64.31326494717354
86.34772943398639
134.4742038969391
189.32662080073538
225.52812901461508
184.6889182645167
196.2255138752743
212.27938279447105
222.96349103038872
221.3882997557109
207.79361756286286
189.512091779685
176.76989696167686
