46.74960652582178
63.624410797480536
82.90915882515198
90.41582736568677
85.24852000910826
77.48757123320355
75.18064778684395
76.78783474206323
63.49807118213778
52.9097792359646
48.166435407321096
59.513379456470595
75.11604708576824
73.51973015361057
50.471851103867934
26.940298176387564
47.27570395018273
62.11440527649765
75.72145552598042
74.23817868300632
60.959933392423956
50.82824605672601
52.20459689442891
58.394887728019995
49.79182144484907
48.36427223768211
47.10061019955949
46.81776137908164
46.05860748170573
42.738840756568244
37.180328229862276
32.71586111803567
46.883057127599585
47.551323157810586
47.41201282279367
45.861789899782686
44.636841239429906
46.12353622107857
50.27907637464499
53.98426030951563
92.79340964785932
76.69771374763113
60.768040379515966
59.21666387431926
69.21022405025033
76.30725803777749
72.60828408144215
65.16099867393781
29.103224727451487
45.318524942240266
60.45922430817522
62.69707993670306
61.79849352105799
76.97961013089302
110.42484471792713
139.5834059140231
146.655105394098
126.16957060469288
100.21306253150196
83.98931940494947
79.72133322025535
78.76520741014235
74.40037081098247
69.18245333801681
