61.70312097791726
63.0868504560482
65.64364914280358
68.98426761556273
72.60012699462992
75.94074546738906
78.49754415414445
79.8812736322754
106.79331523340471
107.366474749902
108.4255354422138
109.80926492034473
111.30700291478831
112.69073239291924
113.74979308523105
114.32295260172833
122.89889231697384
122.32573280047656
121.26667210816476
119.88294263003382
118.38520463559024
117.00147515745931
115.94241446514751
115.36925494865022
92.50410387890554
91.12037440077461
88.56357571401922
85.22295724126008
81.60709786219289
78.26647938943374
75.70968070267836
74.32595122454742
73.79904877545255
72.4153192973216
69.85852061056622
66.51790213780707
62.90204275873988
59.561424285980735
57.00462559922534
55.62089612109441
86.3182450513497
85.74508553485244
84.68602484254063
83.30229536440969
81.8045573699661
80.42082789183516
79.36176719952336
78.78860768302609
87.36454739827157
87.93770691476885
88.99676760708064
90.38049708521159
91.87823507965517
93.2619645577861
94.3210252500979
94.89418476659519
68.24372636772456
69.6274558458555
72.18425453261088
75.52487300537003
79.14073238443721
82.48135085719636
85.03814954395175
86.42187902208268
