55.65569080905563
53.13338875463004
49.98622215263851
48.83364579860198
51.36456887809025
57.19368129512607
63.92011364145301
68.37950035809978
47.52765606138225
50.3418103870549
54.263016350184394
56.88598890387975
56.53273105164163
53.257023099182895
48.83623509040347
45.75170890992202
37.53174611550776
43.37329256427724
51.277523753477524
55.954666589351795
53.80312925827963
45.15046381518229
34.203499352427734
26.71523752222561
52.152232228045044
52.066991217938
51.55130868687038
50.177152889997735
47.795548908709954
44.769074359864256
41.916660240392936
40.17910047831284
108.46720375053636
95.70830857900339
76.59323062784027
60.33986455987468
53.882924283533725
58.205420423580975
68.18900586450965
76.00597290098953
68.23348815214257
61.09592011217152
54.89906185914256
60.47401202250517
83.9636827719794
121.79198467035339
161.20825387296742
186.32403756800775
165.51161902885116
145.06994283834027
112.67943213535132
80.88082312637928
59.89594756021532
52.91956251343721
55.6329775860453
60.01352535772833
60.52938257024681
56.972277350272606
52.988272630806776
52.84482739364174
59.152448571782166
70.95085801958456
83.85518615548838
92.23993562048162
