107.8571524194898
109.11054708367942
111.4265184364867
114.45248083377936
117.727758930987
120.75372132827964
123.06969268108693
124.32308734527656
113.35681603423701
113.06272811444774
112.51932449474347
111.80933345025812
111.04084468142972
110.33085363694437
109.7874500172401
109.49336209745083
88.3369418518714
86.85846203855765
84.12658756105427
80.55722154405736
76.69376760727117
73.12440159027426
70.39252711277088
68.91404729945712
93.23047463635073
92.3929830968572
90.8455005128783
88.82361707986028
86.63514622206118
84.61326278904316
83.06578020506427
82.22828866557073
87.65347421641532
88.49096575590886
90.03844833988775
92.06033177290577
94.24880263070487
96.27068606372289
97.81816864770178
98.65566018719532
69.04373546509792
70.52221527841168
73.25408975591506
76.82345577291197
80.68690970969816
84.25627572669507
86.98815020419845
88.4666300175122
77.2625066487936
77.55659456858288
78.09999818828713
78.8099892327725
79.5784780016009
80.28846904608625
80.83187266579051
81.12596058557979
59.258898727744054
58.00550406355444
55.689532710747145
52.66357031345449
49.38829221624686
46.36232981895421
44.04635846614691
42.7929638019573
