48.45439301192456
48.25771466693026
47.89430047207341
47.41947694416308
46.90553166103763
46.4307081331273
46.067293938270446
45.87061559327615
46.141665293888984
46.27893598641337
46.532579152887244
46.86397992049598
47.22268552652659
47.554086294135324
47.807729460609195
47.945000153133584
40.79418173765634
40.15568870423616
38.97590741378027
37.434448873016535
35.76598617141978
34.22452763065605
33.044746340200156
32.40625330677998
85.47548053083736
84.189193478984
81.81244491870078
78.70707327301146
75.34584322470819
72.24047157901889
69.86372301873566
68.57743596688229
73.86495947887167
82.76304185781947
99.2045542348379
120.68642539320675
143.9382351827113
165.42010634108016
181.8616187180986
190.75970109704642
173.01412131584203
162.35698330032366
142.66515992495295
116.9365527918066
89.08810910650176
63.35950197335544
43.667678597984676
33.01054058246632
63.07642888957938
64.2209290311911
66.33568954277376
69.09875730679069
72.08948030344196
74.85254806745888
76.96730857904154
78.11180872065326
92.05376974139952
94.65251297410181
99.45436433999355
105.72828549750874
112.5191288236526
118.79304998116778
123.59490134705952
126.19364457976181
