124.90672731757094
124.90672731757094
124.90672731757094
124.90672731757094
124.90672731757094
124.90672731757094
124.90672731757094
124.90672731757094
91.15141579021997
91.15141579021997
91.15141579021997
91.15141579021997
91.15141579021997
91.15141579021997
91.15141579021997
91.15141579021997
71.7392337049322
71.7392337049322
71.7392337049322
71.7392337049322
71.7392337049322
71.7392337049322
71.7392337049322
71.7392337049322
82.66210418919698
82.66210418919698
82.66210418919698
82.66210418919698
82.66210418919698
82.66210418919698
82.66210418919698
82.66210418919698
89.27539581080295
89.27539581080295
89.27539581080295
89.27539581080295
89.27539581080295
89.27539581080295
89.27539581080295
89.27539581080295
72.13576629506774
72.13576629506774
72.13576629506774
72.13576629506774
72.13576629506774
72.13576629506774
72.13576629506774
72.13576629506774
52.72358420977998
52.72358420977998
52.72358420977998
52.72358420977998
52.72358420977998
52.72358420977998
52.72358420977998
52.72358420977998
47.030772682428996
47.030772682428996
47.030772682428996
47.030772682428996
47.030772682428996
47.030772682428996
47.030772682428996
47.030772682428996
