61.11212849071994
57.94954342422953
52.3628522516923
45.566036677948155
38.85085431378847
33.239630800876846
29.329620000210816
27.352626994552935
33.531424803808264
34.70598445740512
36.47916884984947
38.0194158608759
38.69511799053054
38.40340571482852
37.58580843826614
36.92840880513455
89.8063667008052
81.82669939534887
72.2294796832065
69.75515453524064
79.9277004127946
101.1984394203688
125.18181147641049
140.9472083264942
149.20295398497865
148.53330927757312
148.98431702231494
152.87500259645483
161.30139421367736
172.98065013569052
184.44635969789172
191.5652853383595
191.26282687447957
167.5825999671664
130.69820925257034
95.94197822463298
75.47619120652222
72.41657874892411
80.35797589786874
88.37436756089484
64.2908833814728
63.26689599079762
62.128489411022024
62.11483370193517
63.98168322526948
67.44482706413037
71.22335755871511
73.67616971598768
96.5126822518795
95.00594832137901
94.76046285174151
99.40371540289023
110.76740867412387
127.1215233770331
143.4376979894971
153.64182621075713
144.24070370819527
143.98822279391962
142.74781704978312
139.61389280368243
134.28967976695387
127.58574111032796
121.29657256895929
117.47407724415844
