85.59487583617086
84.6849649287206
83.00366880111648
80.80694954779887
78.42923776177577
76.23251850845816
74.55122238085403
73.64131147340377
71.1785659688022
72.78489253467144
75.75299700814291
79.63101238906465
83.82854598998826
87.70656137090998
90.67466584438147
92.2809924102507
85.47683417124539
85.1573159512435
84.56692326379513
83.79553804364127
82.9605966979259
82.18921147777203
81.59881879032366
81.27930057032178
90.06983919390927
88.70806128630704
86.19182381298755
82.90420111951418
79.34570395859434
76.05808126512098
73.54184379180148
72.18006588419925
64.11496644004333
65.47674434764556
67.99298182096506
71.28060451443842
74.83910167535826
78.12672436883162
80.64296184215112
82.00473974975336
58.31184051791822
58.6313587379201
59.22175142536847
59.993136645522334
60.82807799123771
61.59946321139158
62.189855898839944
62.509374118841826
57.90775934203412
56.30143277616487
53.3333283026934
49.45531292177167
45.25777932084805
41.37976393992633
38.41165946645485
36.805332900585604
33.095318529876465
34.00522943732671
35.68652556493083
37.883244818248436
40.26095660427155
42.45767585758915
44.13897198519327
45.04888289264352
