36.121122627780494
38.856735595128434
42.795301385206876
45.75868103754708
46.179538994451676
43.99380344706883
40.650420687477485
38.23691845510237
92.68501047156344
72.68815333163995
47.77120401916585
38.743960449489066
59.01316336370706
105.49301035891207
159.0749413311656
194.5851747561239
196.02095016234446
171.57877502130916
136.91689891274868
112.16346461407724
111.58833268398385
135.27906174524117
169.12757847810977
193.1295666970032
174.1264386067214
164.69906232222192
148.4674224916355
129.58255536957833
112.1073909421132
98.70236458056159
90.22038987312696
86.27285434913304
63.30144193481587
63.84246625469404
65.79330430850113
70.20209564172309
77.34879720202436
86.14538846186002
94.30151268086395
99.23033692735584
90.97862683398691
94.22231449586974
100.61860441800769
109.76327506174054
120.66686985899783
131.6694153432301
140.69313706199415
145.79469956437643
160.26167378651243
159.06004344728348
155.71140657333504
149.12988648807328
139.18914644101915
127.40257399130375
116.69288147068286
110.28619876700029
119.09580242702417
107.47383749505497
89.25446992819717
71.8150144870218
61.06569366295332
58.64299410862024
61.66052637978086
65.05531733465396
