87.7793601726395
87.7793601726395
87.7793601726395
87.7793601726395
87.7793601726395
87.7793601726395
87.7793601726395
87.7793601726395
84.06639632704001
84.06639632704001
84.06639632704001
84.06639632704001
84.06639632704001
84.06639632704001
84.06639632704001
84.06639632704001
77.20573372323248
77.20573372323248
77.20573372323248
77.20573372323248
77.20573372323248
77.20573372323248
77.20573372323248
77.20573372323248
68.24184605058524
68.24184605058524
68.24184605058524
68.24184605058524
68.24184605058524
68.24184605058524
68.24184605058524
68.24184605058524
58.53940394941473
58.53940394941473
58.53940394941473
58.53940394941473
58.53940394941473
58.53940394941473
58.53940394941473
58.53940394941473
49.5755162767675
49.5755162767675
49.5755162767675
49.5755162767675
49.5755162767675
49.5755162767675
49.5755162767675
49.5755162767675
42.71485367295997
42.71485367295997
42.71485367295997
42.71485367295997
42.71485367295997
42.71485367295997
42.71485367295997
42.71485367295997
39.001889827360486
39.001889827360486
39.001889827360486
39.001889827360486
39.001889827360486
39.001889827360486
39.001889827360486
39.001889827360486
