196.45034894539606
199.96809299721565
207.47521252909198
210.15274728246328
199.71141174888209
186.41798097537205
186.819137673753
196.25849823960573
207.02036809510003
210.34387524599973
185.55586984917068
132.41953883161173
88.26278368330429
68.48524645657419
53.5007244034148
37.32965686660202
48.881611968894205
44.84183976431731
53.73955962111828
68.03334405913034
64.41647145354537
52.11675423450998
60.77855863665094
82.9986532535679
147.6509942025895
170.50782454387803
190.37782864825618
192.11223724275112
184.6464767218763
177.79431781062553
170.0406884753325
162.4183692699608
56.04344890302261
70.449562673062
76.56446969239012
63.96363127685315
45.62467629431626
33.01672076080793
23.64116943656241
16.147584047715966
38.01304650914522
24.29138236639293
20.595535493436174
28.79134478858345
31.796686929820282
37.831202182615854
68.45179922241708
105.42220951585439
181.70255013632357
175.16210823978176
140.07428018708273
88.97989967211677
66.8223783446337
85.65217433128998
112.07908976522732
122.60945589176644
181.69999879749759
155.9069297990485
118.60452988435718
81.01829741033207
50.33854150718629
39.913153261472154
56.50238083877467
79.762738109551
