76.78695380496387
69.11803076285715
62.5694202898547
68.91681687615821
94.81559852780703
136.32291051137793
179.49792924508165
206.9889216002423
214.2033666456218
184.48207759381185
140.6847753232156
105.20593430152746
94.56736545684646
110.3886944569085
139.14078838311704
160.71966935305727
193.83741579511118
192.1566611435088
187.69918889296343
179.2318146375658
166.6917767437932
151.988182305246
138.71136289374562
130.79438805899363
54.12866038518536
55.20553255546395
58.67506278090852
66.10170064476796
77.83453776585135
92.08735605090709
105.21056320721314
113.11361579868802
95.715360249258
98.56551018804527
104.07881508978349
111.76511411822455
120.70115243843301
129.5264992215462
136.6506609061325
140.63985859959192
134.39762202442688
142.50275246471884
152.61647688460747
156.32231214546002
148.19347459794076
129.46750607056367
107.85786934464565
93.53119599670794
122.2624566504273
104.89314136003375
78.6650851087376
55.8674070049876
45.837100408376784
50.1011885732834
62.14424920089222
71.8367001791553
99.87597914850697
94.59019631603422
86.24727324545489
78.13108556780656
72.90117935744956
71.35376042569293
72.30047920364612
73.58346511706505
