84.91487085991612
79.61586997530944
72.5647673935977
68.71022127705034
71.379225668747
80.16544884463694
90.99109363511946
98.33286204295008
94.24304567852194
90.89220186825908
85.83566721659602
81.44841025080571
79.53336844757119
80.38208956153778
82.73034612255516
84.61548039204921
64.9327911222117
66.71383731537803
68.86976418980015
69.46719445821506
67.28015740375055
62.641609592408564
57.392745254150235
53.93781336755968
45.5614610985281
51.73121005844423
60.391245289659956
66.3479632190297
65.95433320120647
59.27028183813887
50.05356969716036
43.58254936463918
59.13040432287493
63.66357260232087
69.29960104555697
71.30526370021775
66.63504227012544
55.99993563234888
43.759216703390734
35.65161569039935
46.91914360607995
47.01867643660323
46.06757175224505
42.605469655255526
36.02442643164271
27.326346254896286
18.970450357857647
13.834005108624034
36.311380738480764
36.7492447638748
38.69332936026884
43.45282223519063
51.4381511175686
61.43362207224728
70.78249788132177
76.45633998647271
64.92880364654319
69.35804708285718
80.28239613188097
99.91390939297932
128.00404127064374
160.2763238241794
189.07742024539746
206.14743297414876
