193.3774791187135
187.65785609495853
178.7337525803762
170.28928944730305
165.25444143457324
164.39571851111404
166.19947168160664
168.06558886746564
163.3974423039758
173.00632082958327
186.79132444446137
197.03954074802712
198.22088292286097
190.15550233173784
178.04116884231308
169.33645047323168
84.13534132153832
77.25130290524903
68.50114730310078
64.83127694674918
70.77028511600507
85.41401165434235
102.56319315649691
113.99275163489649
99.68982057220045
104.77010581799712
112.51286715774563
119.41383235633441
122.77801024361091
122.09323523258574
119.10813988725928
116.60268492344204
144.48551087564817
146.99096583946545
149.9760611847919
150.66083619581704
147.29665830854057
140.39569310995182
132.65293177020328
127.5726465244066
99.25292412530192
87.82336564690233
70.67418414474778
56.03045760641049
50.0914494371546
53.761319793506196
62.51147539565447
69.39551381194374
68.33929224918394
77.04401061826533
89.15834410769007
97.22372469881317
96.04238252397936
85.79416622041359
72.00916260553551
62.400284079928035
83.44718943343777
81.58107224757879
79.77731907708619
80.6360420005454
85.67089001327521
94.11535314634834
103.03945666093068
108.75907968468563
