102.65559175600377
99.61148999752525
93.98672337844542
86.63761162788279
78.68299038999662
71.33387863943399
65.70911202035414
62.66501026187562
75.44012226410563
74.30430847651388
72.2055982543136
69.46350120397925
66.49547674425257
63.75337969391822
61.65466947171794
60.518855684126194
58.861613544953
59.0167268019995
59.30333872881235
59.67781525767787
60.08314573171449
60.45762226058001
60.744234187392856
60.89934744443936
58.95539042338028
58.20359526657154
56.81445895053813
54.99946488684407
53.034929468724634
51.219935405030576
49.83079908899717
49.07900393218843
44.60867465163652
43.72615361801844
42.095467378077515
39.964873129637205
37.65873453313757
35.52814028469726
33.89745404475634
33.014933011138254
55.26649014640113
54.170567234630006
52.14556573983897
49.49977378292571
46.635989205166446
43.99019724825318
41.96519575346215
40.86927284169102
57.91549819019157
66.90253190839226
83.5084049288611
105.20502361684552
128.68927445743805
150.38589314542244
166.9917661658913
175.97879988409198
210.6716190233278
208.43962669634882
204.3154426411126
198.9269364942073
193.0944594695694
187.70595332266407
183.58176926742786
181.3497769404489
