186.64757027736337
191.95174290157863
198.95636196586324
202.64059397445652
199.64733401714284
190.43227878845406
179.19455089682813
171.59943628376132
99.03917006388214
87.38685643762375
71.40461027239303
61.37223726175655
64.36549721907025
79.92869344980215
100.14404844237424
114.0873040574842
104.22096777054892
112.12017607743913
123.78795739510221
133.30710631761434
136.30036627492805
132.31204057251136
124.87736808218963
119.269101764151
139.49237561165864
142.56722184538464
146.41909729328304
147.87400291138704
144.88074295407338
137.89501411587386
129.81002984063414
124.44424161805661
90.48459811405193
80.76709632910128
66.52785971439059
55.190417313818
52.1971573565043
58.00377653698142
68.00990432435079
75.43646412044986
57.54609260189631
62.443792185701746
69.86679915959718
76.38443935902457
79.37769931633825
78.39088233700635
75.20098419045223
72.59422659549837
83.59750157646846
87.03479128973436
92.39246681808926
97.4496971469771
100.4429571042908
100.91654999549841
99.79198329448485
98.64563557007054
95.22172398413
91.97832293343629
86.89484738128134
82.03150571496568
79.03824575765199
78.37076420387218
79.2211309286858
80.17358999052794
