72.30666254848678
67.69305926011073
61.289909472038474
57.07253980505645
57.80468407085401
63.37487994186774
70.81343808024458
75.98740032986429
58.303560656241345
58.7991512634354
59.21706745411166
58.789667355248326
57.0842029111992
54.36031562349709
51.53050848590146
49.72961190425673
60.397599033804845
65.07473679885463
71.2142712386416
74.3421767902524
71.47956892404551
63.06225373804601
52.87438043011334
46.00629745755283
43.92542784020587
46.99208918923811
51.240880907235265
54.02008955288849
53.488946214454685
49.72831265038404
44.72837081960967
41.25518995891804
51.30512528511752
47.18616664467755
40.992983067383044
35.673304029164775
33.45466202961243
34.674825201118026
37.73037517259504
40.15125874187893
71.45884392618177
73.87470541785508
80.8413246528766
94.83743410474901
116.23494224841605
141.7762724378987
165.07029942063988
179.0313816499235
206.82927104094824
203.94275288067854
199.10697862999456
193.76216900357116
189.21983866251804
186.1715162249334
184.58346530252132
183.99343433109038
211.34850966901328
212.31233854514963
211.9715845777185
207.3776193590691
197.1081549388998
182.72662418225462
168.5441622883744
159.72042562651498
