113.91099148573903
111.48624937256102
107.00591015259435
101.15206485770281
94.81590836879386
88.96206307390231
84.48172385393565
82.05698174075764
110.89327511115498
111.88690661953267
113.72289824642958
116.12173690995623
118.71822116911729
121.11705983264393
122.95305145954084
123.94668296791853
136.28457850438426
134.6619001115555
131.66358140158994
127.74608921825299
123.50582623430267
119.58833405096574
116.59001534100015
114.96733694817141
96.63056741507745
93.59195230694189
87.97732369576988
80.64145789087726
72.70117396126979
65.36530815637715
59.75067954520514
56.712064437069586
64.56046877286772
65.22187461038932
66.4439932423287
68.04076818550608
69.7691049296236
71.36587987280097
72.58799850474036
73.24940434226195
108.46534340340334
107.71081252561812
106.31662125635108
104.49502257797276
102.52333837643313
100.70173969805482
99.30754842878777
98.55301755100255
106.4613703896709
103.09052961067925
96.86202800454971
88.72409847930781
79.9156670346568
71.77773750941492
65.54923590328535
62.178395124293715
58.62753973492941
58.67507257749347
58.76290181822749
58.877656251403785
59.00186555482278
59.11661998799907
59.2044492287331
59.25198207129716
