52.885501488916574
56.393682570771276
58.92102749827146
57.30234507285065
53.95961546721444
54.093804388419755
59.10008374741382
64.36113617589464
73.27263799720107
68.3035760744328
67.03552754290452
74.06260578933778
81.42829719166784
76.6835940158067
58.76773254357804
42.026889198515384
47.73269534916281
77.53440524398546
112.65161074815407
126.316071714641
111.29860906337635
81.21314333761927
54.4586091607877
40.51039236336637
60.29697891570081
49.10008992653501
35.99713924681696
30.898755096575645
36.03684378071685
45.937112447451845
54.04545999882711
57.84722382663761
74.58193742795764
66.15204884894581
58.16184826001093
59.743594027055245
72.11220323060633
88.69260181462695
101.91369945678542
108.48246369474991
121.84301998926617
156.52950072286944
200.67258582495288
226.12992679950864
223.8769854879618
205.5843997702736
187.8557451913569
178.79229923271623
186.1201622389811
182.12274164786174
182.65005219483848
192.02288012190095
201.92759268238242
199.52863918715053
183.40813679342688
167.6389347800132
130.207222662321
129.57429498504146
124.44986866360705
112.8336653086224
98.66969702656634
88.80636501820784
86.16087312826724
87.28081679761387
