99.43341493027607
101.23324313313705
104.5588920104567
108.90406166774527
113.60723941374157
117.95240907103013
121.27805794834978
123.07788615121076
124.8119762853392
123.01214808247822
119.68649920515857
115.34132954787
110.6381518018737
106.29298214458514
102.96733326726549
101.16750506440451
94.08707578711389
92.28724758425291
88.96159870693326
84.6164290496447
79.9132513036484
75.56808164635983
72.24243276904018
70.4426045661792
60.65711232685582
62.45694052971679
65.78258940703644
70.127759064325
74.8309368103213
79.17610646760986
82.50175534492952
84.30158354779049
87.35466645220947
89.15449465507045
92.4801435323901
96.82531318967867
101.52849093567497
105.87366059296353
109.19930947028318
110.99913767314416
101.21364543382076
99.41381723095978
96.08816835364013
91.74299869635158
87.03982095035528
82.69465129306673
79.36900241574708
77.5691742128861
70.48874493559545
68.68891673273447
65.36326785541482
61.01809819812627
56.31492045212996
51.9697507948414
48.64410191752175
46.84427371466078
48.57836384878922
50.378192051650196
53.70384092896984
58.0490105862584
62.7521883322547
67.09735798954324
70.4230068668629
72.22283506972387
