70.14627124584011
66.55818430493622
61.06952756090314
56.12988946508368
53.632548566746706
53.95770237921241
55.91458575494833
57.591290722329596
26.826826435134677
77.78578248056306
150.31465596240315
202.78073051514093
205.56552239908518
158.2450722941067
89.654489262927
40.82692065063911
21.714029582309774
26.28988424919064
33.47229108250557
40.367966423911085
44.654436104490784
45.679123972320824
44.558700695982765
43.26356788928816
95.30541308969707
88.65526075129326
77.59373609100318
65.53918328256748
55.5531533230538
49.155928750211096
46.095074407492866
45.102250304682045
92.19212048021473
120.62755997330181
161.66765197520616
192.79848495482958
197.77892270337986
175.85073872142084
141.85404933007118
117.23047186157585
153.84226989438005
160.81326814834824
171.9655363254972
183.1568353050592
190.95493422789644
194.1726432229498
194.0485523032043
193.04596057266386
157.07130236626077
154.48885194397118
148.36972980752063
137.74003947780324
122.87067899044202
106.02537368854927
91.11604455995902
82.31797916549411
70.1440694950707
80.26210194387853
95.81597739947786
109.99456798669682
117.4975010959972
117.18252317574597
112.23939748089737
107.86386142223502
