3.7225375339999998
3.955085672531376
10.117860867990709
2.6561307988042677
3.345382642220518
4.255789221500195
3.090118034304565
3.673859230611799
2.8405751256488014
8.99781266405212
0.6583139821169479
9.02790670500443
2.440409616248084
1.9237427956870723
1.731312905762279
1.2515638083852707
1.0436213564938897
0.9416009339284342
0.8223322704440821
0.648198978156193
0.9135451577101218
1.0659276828251811
1.1263946960447482
0.7101837894133857
1.101217897623851
1.0927662589307745
1.2171417382518406
0.7051340138255313
1.050207023653143
1.197877416213978
1.7707856626111123
0.8086650191515438
0.8711832780000002
0.971463666309683
0.6220401426382736
0.9438936540615295
0.6191663287251622
1.105122110797038
0.6726035444033908
1.7889406295114558
1.0696862243334428
0.472940075565303
1.0700171821531217
0.13952768800531243
1.0728777997696672
0.8002130182833772
1.46260759951754
0.49349158885266786
0.918164939308278
1.2589702592221306
0.9917648857048638
1.4615430953521429
2.6588679125961456
7.943028050885209
1.1853888177735803
7.666502652079353
2.6350676185580095
4.92119221789725
3.742987786783574
5.288282472442693
2.7321138655619737
3.6509146003699513
8.83998571010974
4.723932945170697
1.144981681
0.6249824322731277
1.4737409270000001
0.6506307005617649
0.303110858
0.15856024200000002
0.412242258
