0.18028083905157383
0.13009122614055862
0.05177125133580703
-0.007886511185322829
-0.01460365067700118
0.01584968646720671
0.03544913878663237
0.026316586864183176
-0.002810477300393423
-0.027621637707550644
-0.02726082871077819
-0.01853270725931985
-0.014469370022197751
-0.02389942698664906
-0.03910155472739044
-0.04315455568497939
-0.040539246762984794
-0.03950989181925102
-0.046231547209157516
-0.05801210072852527
-0.056571709016076124
-0.04076846356939701
-0.018313615687387468
-0.003063452765625423
-0.004493140115888048
-0.012496182760029983
-0.014473939059368692
-0.0029577890604462653
0.015752049316971092
0.023196762184217228
0.013220260222675874
-0.005779488029889828
-0.009449980783070727
0.018079647724253894
0.06082223575276495
0.09079756585456941
0.07790184176432917
0.040076040809209186
0.005372549490719682
-0.008364026777354722
0.0020215892146634913
0.01568902841619512
0.015718330526058224
0.004012382828876373
-0.009922588982037104
-0.014745912600072774
-0.011203894712294445
-0.009515472829103295
-0.011046760609609256
-0.014057644498593685
-0.01266503255381167
-0.007728963714807484
-0.007056708215792625
-0.014184490940941643
-0.023246572240194018
-0.02554155465370482
-0.017146895195536284
-0.004858149821655677
0.002547570469533871
0.002457631343408653
9.503159136351383E-5
-7.929529299700673E-4
0.0031627941762369244
0.006142517635554156
0.006244902732243143
0.0024590984255565525
-0.0020319421856434903
-0.0021923286536430367
0.0037086584493913354
0.008349657523797236
0.010008055422858694
8.209395604622636E-18
3.1273888017610044E-18
7.818472004402511E-18
-1.5636944008805022E-18
1.5636944008805022E-18
-5.472930403081757E-18
-2.3455416013207532E-18
-5.472930403081757E-18
-1.0164013605723264E-17
-1.5636944008805022E-18
0.0
-6.254777603522009E-18
3.1273888017610044E-18
-4.6910832026415064E-18
-4.6910832026415064E-18
-1.5636944008805022E-18
0.0
-2.9319270016509415E-18
-6.254777603522009E-18
-1.5636944008805022E-18
-3.1273888017610044E-18
-1.2509555207044018E-17
0.0
0.0
6.254777603522009E-18
7.818472004402511E-18
0.0
4.6910832026415064E-18
0.0
7.818472004402511E-18
1.9546180011006278E-18
4.6910832026415064E-18
-3.9092360022012556E-18
-1.1727708006603766E-18
3.9092360022012555E-19
3.1273888017610044E-18
9.382166405283013E-18
0.0
0.0
-6.254777603522009E-18
-6.254777603522009E-18
-6.254777603522009E-18
6.254777603522009E-18
-6.254777603522009E-18
4.6910832026415064E-18
-3.1273888017610044E-18
-3.1273888017610044E-18
1.5636944008805022E-18
0.0
4.104697802311318E-18
6.254777603522009E-18
3.1273888017610044E-18
4.6910832026415064E-18
-1.5636944008805022E-18
-3.9092360022012556E-18
-6.254777603522009E-18
0.0
0.0
0.0
0.0
-6.254777603522009E-18
-4.6910832026415064E-18
1.5636944008805022E-18
3.1273888017610044E-18
4.6910832026415064E-18
3.1273888017610044E-18
4.6910832026415064E-18
-1.5636944008805022E-18
-3.1273888017610044E-18
-3.1273888017610044E-18
4.6910832026415064E-18
0.0
3.1273888017610044E-18
-6.254777603522009E-18
-3.1273888017610044E-18
-9.382166405283013E-18
0.0
6.254777603522009E-18
6.254777603522009E-18
1.5636944008805022E-18
5.082006802861632E-18
-1.1727708006603766E-18
-2.3455416013207532E-18
1.5636944008805022E-18
1.5636944008805022E-18
3.1273888017610044E-18
3.1273888017610044E-18
8.600319204842761E-18
1.2118631606823891E-17
7.818472004402511E-18
-3.1273888017610044E-18
-6.254777603522009E-18
-1.2509555207044018E-17
-6.254777603522009E-18
-3.1273888017610044E-18
-7.818472004402511E-19
-5.472930403081757E-18
-3.51831240198113E-18
-3.1273888017610044E-18
-3.1273888017610044E-18
-7.818472004402511E-19
-8.600319204842761E-18
-3.1273888017610044E-18
-4.6910832026415064E-18
-4.6910832026415064E-18
-4.6910832026415064E-18
-7.03662480396226E-18
-6.254777603522009E-18
-4.6910832026415064E-18
-5.472930403081757E-18
0.0
-1.5636944008805022E-18
9.382166405283013E-18
3.1273888017610044E-18
8.600319204842761E-18
0.010008055422858694
0.008349657523797231
0.0037086584493913354
-0.0021923286536430367
-0.0020319421856434838
0.0024590984255565508
0.006244902732243143
0.006142517635554142
0.003162794176236928
-7.92952929970069E-4
9.503159136351266E-5
0.0024576313434086553
0.002547570469533871
-0.004858149821655674
-0.017146895195536284
-0.025541554653704824
-0.023246572240194024
-0.014184490940941643
-0.0070567082157926226
-0.00772896371480749
-0.012665032553811666
-0.014057644498593681
-0.011046760609609256
-0.009515472829103285
-0.011203894712294443
-0.014745912600072767
-0.009922588982037102
0.004012382828876377
0.015718330526058224
0.015689028416195124
0.002021589214663491
-0.008364026777354714
0.005372549490719683
0.040076040809209186
0.07790184176432918
0.09079756585456943
0.06082223575276495
0.0180796477242539
-0.009449980783070727
-0.005779488029889839
0.013220260222675879
0.023196762184217217
0.01575204931697109
-0.0029577890604462723
-0.014473939059368699
-0.01249618276002999
-0.004493140115888048
-0.0030634527656254245
-0.018313615687387468
-0.04076846356939702
-0.056571709016076124
-0.05801210072852527
-0.046231547209157516
-0.03950989181925101
-0.040539246762984794
-0.043154555684979376
-0.039101554727390436
-0.023899426986649052
-0.014469370022197755
-0.01853270725931984
-0.02726082871077819
-0.02762163770755063
-0.0028104773003934237
0.02631658686418319
0.03544913878663238
0.015849686467206716
-0.014603650677001187
-0.007886511185322825
0.05177125133580703
0.13009122614055862
