0.1802808390515738
0.1300912261405586
0.05177125133580703
-0.007886511185322853
-0.014603650677001187
0.015849686467206716
0.035449138786632375
0.026316586864183186
-0.002810477300393422
-0.027621637707550644
-0.027260828710778194
-0.018532707259319842
-0.01446937002219775
-0.023899426986649056
-0.03910155472739043
-0.043154555684979376
-0.04053924676298479
-0.039509891819251006
-0.04623154720915752
-0.05801210072852527
-0.056571709016076124
-0.040768463569397013
-0.01831361568738747
-0.0030634527656254232
-0.0044931401158880445
-0.012496182760029981
-0.014473939059368706
-0.002957789060446274
0.015752049316971096
0.02319676218421723
0.013220260222675877
-0.005779488029889839
-0.009449980783070721
0.018079647724253883
0.060822235752764936
0.09079756585456941
0.07790184176432917
0.04007604080920918
0.005372549490719677
-0.00836402677735472
0.0020215892146634895
0.015689028416195128
0.015718330526058238
0.004012382828876374
-0.009922588982037104
-0.014745912600072771
-0.01120389471229444
-0.009515472829103283
-0.011046760609609246
-0.014057644498593673
-0.012665032553811658
-0.007728963714807486
-0.0070567082157926226
-0.014184490940941643
-0.023246572240194018
-0.025541554653704817
-0.017146895195536287
-0.004858149821655668
0.0025475704695338717
0.002457631343408655
9.503159136350953E-5
-7.929529299700772E-4
0.0031627941762369174
0.00614251763555414
0.006244902732243146
0.002459098425556549
-0.0020319421856434977
-0.002192328653643039
0.0037086584493913294
0.008349657523797228
0.010008055422858686
