1.299491877808941
2.0251213887665993
3.1039183317808994
1.0940058648864661
2.342744756090627
32.35706078388952
99.71787869182988
156.8803910098367
144.78425099135507
74.20453202187535
13.683052516160515
0.7817781175080962
13.79544254478102
24.540747179894414
29.701272583816397
30.74480889406268
22.763918205531827
8.11969061440455
6.768520408509461E-4
9.996873188377656
35.90920575762335
57.87111471587156
54.083401495328445
28.174103421573314
6.094106544289188
0.19444376111208655
0.5356448314302699
5.0062468472963415
23.69428048004302
47.67125791204286
50.27996238701201
27.034511512087906
3.750949578179831
2.9001535908750995
24.983669170377865
55.52727743665874
71.72604582770836
57.294361098126984
24.485790232986442
2.619171347910502
1.6918893064157208
12.423025245451651
33.62088294661653
63.44900176742328
76.52786156814085
52.38255983660764
14.32336883535163
0.03116128477683393
9.01793614670146
15.169311235816046
11.350471653429306
7.814184911136517
6.034251564157128
2.2590523569323886
0.07738818092082483
1.46053126305994
1.6062408459333521
0.482842639586892
2.619597679062132
5.277609016202758
3.250019117994148
0.17147513293715644
0.9142120048385437
2.0408226553105497
0.597920225999751
0.38536918449054564
2.4645279635472366
2.48901401492786
0.42537757869932097
0.27754411984832
1.272906237454037
0.5697235189057588
0.08852852313600959
1.5935654218456088
2.142886792235249
0.6067745532272212
0.088240540642052
0.9765402238615389
0.6960395192646148
0.010828769981260302
0.9765738957139362
1.7751153123587662
0.7157189543935711
0.02281918875466687
0.7500096992161414
0.7761230092143635
0.1358069023762944
0.847315160932163
1.809286082638605
1.0190976835236292
0.028761567213024777
0.3474740551057056
0.4137330721223411
0.005204628143428163
1.0129854760215193
2.315013999951511
1.38571766675821
0.02277983843135624
1.0008969833143522
2.4710648746983916
2.2965418586246953
2.324600574041062
3.2547482099536045
2.535309926867392
0.45545981270253394
0.22322993099616686
1.3231375812128998
0.972719979356209
0.25253250628919927
1.1616384534476758
1.7694567743045158
0.6221059818334898
0.059622011779880024
0.8858037629473596
0.8434530493226706
0.15475473832075068
0.9172537493707793
1.8192553472197464
0.8594444263637424
0.004714078549514697
0.8304901843501872
1.083962988462112
0.15033942123573155
0.6195231239521996
2.0342678878779585
1.4420783990545103
0.06893005866724912
0.8358397548021819
1.9089197414352048
0.8358397548021814
0.0689300586672488
1.4420783990545092
2.034267887877958
0.6195231239521986
0.150339421235732
1.0839629884621083
0.830490184350186
0.0047140785495147315
0.8594444263637424
1.8192553472197464
0.9172537493707786
0.15475473832074998
0.8434530493226718
0.8858037629473634
0.059622011779880246
0.6221059818334894
1.7694567743045158
1.1616384534476762
0.25253250628919927
0.97271997935621
1.3231375812129018
0.22322993099616775
0.4554598127025344
2.5353099268673924
3.2547482099536076
2.3246005740410633
2.2965418586246957
2.47106487469839
1.0008969833143553
0.022779838431356014
1.38571766675821
2.3150139999515122
1.0129854760215202
0.005204628143428121
0.41373307212234195
0.3474740551057069
0.028761567213024683
1.0190976835236283
1.8092860826386037
0.8473151609321659
0.13580690237629472
0.7761230092143641
0.7500096992161394
0.022819188754666823
0.715718954393572
1.7751153123587693
0.976573895713937
0.010828769981260398
0.6960395192646157
0.9765402238615387
0.08824054064205174
0.606774553227222
2.1428867922352506
1.5935654218456077
0.08852852313601023
0.5697235189057566
1.2729062374540339
0.2775441198483199
0.4253775786993215
2.48901401492786
2.4645279635472366
0.38536918449054636
0.597920225999751
2.040822655310552
0.9142120048385439
0.17147513293715647
3.250019117994149
5.277609016202758
2.619597679062133
0.48284263958689216
1.6062408459333515
1.4605312630599412
0.07738818092082415
2.259052356932389
6.034251564157131
7.81418491113652
11.350471653429299
15.16931123581604
9.017936146701459
0.031161284776834716
14.323368835351612
52.382559836607605
76.52786156814085
63.44900176742327
33.62088294661653
12.423025245451662
1.6918893064157212
2.6191713479105005
24.485790232986425
57.29436109812695
71.72604582770833
55.52727743665874
24.983669170377883
2.900153590875107
3.750949578179831
27.034511512087896
50.279962387012
47.67125791204287
23.694280480043027
5.006246847296351
0.5356448314302699
0.194443761112086
6.094106544289186
28.174103421573303
54.08340149532843
57.87111471587158
35.90920575762333
9.996873188377647
6.76852040850934E-4
8.11969061440455
22.76391820553182
30.74480889406268
29.701272583816397
24.54074717989442
13.79544254478102
0.7817781175080962
13.683052516160519
74.20453202187535
144.7842509913551
156.88039100983661
99.71787869182992
32.35706078388953
2.34274475609063
1.0940058648864648
3.1039183317808963
2.025121388766597
